date,positive_total,recovered_total,deceased_total,tested_pcr_total,tested_ag_total,positive_daily,recovered_daily,deceased_daily,tested_pcr_daily,tested_ag_daily,tested_total,tested_daily,positive_ratio,active,vaxs_active,vaxs_active_prcs
2021-11-17,1948116,1764719,31873,12640681,29695281,14199,8574,82,61893,23949,42335962,85842,0.1654085412735025,151524,5453979.0,0.5096330263656214
2021-11-18,1961634,1772908,31993,12705044,29747519,13518,8189,120,64363,52238,42452563,116601,0.115933825610415,156733,5465446.0,0.5107045306587868
2021-11-19,1984606,1782085,32106,12796709,29813877,22972,9177,113,91665,66358,42610586,158023,0.1453712434265898,170415,5481149.0,0.5121718570663545
2021-11-20,1999020,1785734,32202,12862537,29847231,14414,3649,96,65828,33354,42709768,99182,0.1453287894980944,181084,5479575.0,0.5120247786886234
2021-11-21,2007298,1789471,32315,12898652,29873218,8278,3737,113,36115,25987,42771870,62102,0.13329683424044314,185512,5476187.0,0.5117081957510421
2021-11-22,2021816,1805391,32426,12976812,29921127,14518,15920,111,78160,47909,42897939,126069,0.1151591588733154,183999,5479441.0,0.5120122574036069
2021-11-23,2047728,1818552,32541,13081588,29951131,25912,13161,115,104776,30004,43032719,134780,0.19225404362665083,196635,5485987.0,0.5126239315209054
2021-11-24,2065774,1831166,32634,13183063,29978872,18046,12614,93,101475,27741,43161935,129216,0.13965762753838534,201974,5493730.0,0.5133474562215229
2021-11-25,2093711,1843710,32748,13284131,30014499,27937,12544,114,101068,35627,43298630,136695,0.20437470280551592,217253,5496495.0,0.51360582452802
2021-11-26,2114094,1856817,32866,13384086,30043867,20383,13107,118,99955,29368,43427953,129323,0.1576131082638046,224411,5505739.0,0.5144696063093073
2021-11-27,2126622,1862574,32961,13458530,30051767,12528,5757,95,74444,7900,43510297,82344,0.1521422325852521,231087,5501207.0,0.5140461252369584
2021-11-28,2135929,1868394,33081,13508423,30062042,9307,5820,120,49893,10275,43570465,60168,0.15468355271905332,234454,5496723.0,0.5136271294010332
2021-11-29,2153546,1890655,33189,13595577,30110207,17617,22261,108,87154,48165,43705784,135319,0.1301886653019901,229702,5502790.0,0.5141940445965189
2021-11-30,2175570,1909787,33309,13709676,30138074,22024,19132,120,114099,27867,43847750,141966,0.1551357367256949,232474,5517642.0,0.5155818514999893
2021-12-01,2196724,1918206,33449,13810312,30163498,21154,8419,140,100636,25424,43973810,126060,0.16780897985086468,245069,5541707.0,0.5178305434695565
2021-12-02,2215348,1938592,33574,13911565,30194247,18624,20386,125,101253,30749,44105812,132002,0.1410887713822518,243182,5569716.0,0.5204477723652811
2021-12-03,2233033,1959058,33693,14011478,30219324,17685,20466,119,99913,25077,44230802,124990,0.14149131930554446,240282,5606767.0,0.5239099076723427
2021-12-04,2244015,1968185,33802,14083351,30226696,10982,9127,109,71873,7372,44310047,79245,0.13858287589122342,242028,5617623.0,0.52492431864353
2021-12-05,2250349,1976634,33912,14122629,30235396,6334,8449,110,39278,8700,44358025,47978,0.1320188419692359,239803,5622963.0,0.5254233011956799
2021-12-06,2265929,2003571,34035,14209891,30275552,15580,26937,123,87262,40156,44485443,127418,0.1222747178577595,228323,5647913.0,0.5277546897118114
2021-12-07,2285464,2028444,34145,14314115,30299206,19535,24873,110,104224,23654,44613321,127878,0.15276278953377437,222875,5685176.0,0.5312366348130783
2021-12-08,2301673,2049224,34258,14402912,30323373,16209,20780,113,88797,24167,44726285,112964,0.1434881909280833,218191,5710782.0,0.5336293215603353
2021-12-09,2315938,2068691,34372,14490515,30352156,14265,19467,114,87603,28783,44842671,116386,0.12256628804151702,212875,5736177.0,0.5360022919558126
2021-12-10,2328338,2087752,34492,14577733,30375266,12400,19061,120,87218,23110,44952999,110328,0.11239213980131971,206094,5763555.0,0.5385605586810489
2021-12-11,2337424,2096046,34592,14640412,30382370,9086,8294,100,62679,7104,45022782,69783,0.13020363125689638,206786,5773427.0,0.5394830223055479
2021-12-12,2341553,2103699,34715,14668794,30390678,4129,7653,123,28382,8308,45059472,36690,0.11253747615153993,203139,5774789.0,0.5396102908890739
2021-12-13,2353458,2130711,34829,14751747,30427554,11905,27012,114,82953,36876,45179301,119829,0.09934990695073813,187918,5775909.0,0.5397149464056297
2021-12-14,2370165,2151398,34943,14848526,30450752,16707,20687,114,96779,23198,45299278,119977,0.13925168990723222,183824,5791720.0,0.5411923645951509
2021-12-15,2381783,2170149,35067,14924010,30474321,11618,18751,124,75484,23569,45398331,99053,0.11729074333942435,176567,5802034.0,0.5421561297717192
2021-12-16,2391282,2187274,35164,15002497,30504149,9499,17125,97,78487,29828,45506646,108315,0.08769791810921848,168844,5810402.0,0.5429380559882718
2021-12-17,2400244,2203710,35253,15079421,30528755,8962,16436,89,76924,24606,45608176,101530,0.08826947700187136,161281,5822693.0,0.5440865568400463
2021-12-18,2406229,2210824,35356,15129202,30538939,5985,7114,103,49781,10184,45668141,59965,0.0998082214625198,160049,5823380.0,0.5441507517863622
2021-12-19,2409973,2217227,35424,15158926,30549035,3744,6403,68,29724,10096,45707961,39820,0.09402310396785535,157322,5819164.0,0.54375679852047
2021-12-20,2418573,2239576,35503,15232318,30582391,8600,22349,79,73392,33356,45814709,106748,0.08056357027766328,143494,5819908.0,0.5438263196850393
2021-12-21,2430419,2256099,35584,15314879,30604329,11846,16523,81,82561,21938,45919208,104499,0.1133599364587221,138736,5818362.0,0.543681857695222
2021-12-22,2438115,2270867,35668,15393635,30624503,7696,14768,84,78756,20174,46018138,98930,0.07779237844940867,131580,5802983.0,0.5422448066335152
2021-12-23,2445476,2283349,35726,15483003,30640808,7361,12482,58,89368,16305,46123811,105673,0.06965828546553993,126401,5746528.0,0.5369695145021243
2021-12-24,2447521,2295589,35804,15503769,30645364,2045,12240,78,20766,4556,46149133,25322,0.08075981360082142,116128,5661293.0,0.5290049493649512
2021-12-25,2448611,2300971,35872,15517386,30650787,1090,5382,68,13617,5423,46168173,19040,0.05724789915966386,111768,5482715.0,0.5123181879046816
2021-12-26,2450626,2305898,35956,15538447,30660597,2015,4927,84,21061,9810,46199044,30871,0.06527161413624437,108772,5457197.0,0.5099337240908682
2021-12-27,2457489,2324140,36007,15594291,30684999,6863,18242,51,55844,24402,46279290,80246,0.08552451212521496,97342,5573137.0,0.5207674389029037
2021-12-28,2466566,2337121,36079,15653719,30702628,9077,12981,72,59428,17629,46356347,77057,0.11779591730796683,93366,5550450.0,0.5186475105956703
2021-12-29,2472726,2347656,36154,15697769,30720173,6160,10535,75,44050,17545,46417942,61595,0.10000811754200828,88916,5520867.0,0.5158832033222146
2021-12-30,2478482,2356425,36212,15737349,30736726,5756,8769,58,39580,16553,46474075,56133,0.10254217661625069,85845,5480427.0,0.5121043916351462
2021-12-31,2483480,2365064,36267,15772857,30745136,4998,8639,55,35508,8410,46517993,43918,0.11380299649346509,82149,5402524.0,0.5048249463617117
2022-01-01,2484573,2369427,36313,15781562,30749345,1093,4363,46,8705,4209,46530907,12914,0.08463682824841258,78833,5369017.0,0.5016939710106088
2022-01-02,2486504,2373349,36364,15801157,30760895,1931,3922,51,19595,11550,46562052,31145,0.062000321078824853,76791,5360034.0,0.500854577702376
2022-01-03,2495861,2386241,36425,15874605,30801658,9357,12892,61,73448,40763,46676263,114211,0.0819273099788987,73195,5398184.0,0.504419406235058
2022-01-04,2506041,2394729,36486,15946144,30827160,10180,8488,61,71539,25502,46773304,97041,0.10490411269463423,74826,5450180.0,0.509278038591161
2022-01-05,2513429,2402374,36525,15999727,30849882,7388,7645,39,53583,22722,46849609,76305,0.09682196448463404,74530,5456798.0,0.5098964405630952
2022-01-06,2520070,2407472,36583,16056992,30873407,6641,5098,58,57265,23525,46930399,80790,0.0822007674217106,76015,5478283.0,0.5119040510748822
2022-01-07,2526742,2408399,36628,16125320,30890522,6672,927,45,68328,17115,47015842,85443,0.07808714581650925,81715,5507861.0,0.5146678911362104
2022-01-08,2530705,2410092,36671,16165691,30898121,3963,1693,43,40371,7599,47063812,47970,0.08261413383364603,83942,5509243.0,0.5147970285682462
2022-01-09,2533469,2413429,36694,16189551,30906522,2764,3337,23,23860,8401,47096073,32261,0.08567620346548464,83346,5503744.0,0.5142831886704423
2022-01-10,2540826,2423509,36738,16261209,30943165,7357,10080,44,71658,36643,47204374,108301,0.06793104403468112,80579,5506643.0,0.514554078261956
2022-01-11,2553203,2430246,36776,16339268,30965515,12377,6737,38,78059,22350,47304783,100409,0.12326584270334333,86181,5516670.0,0.5154910254624069
2022-01-12,2564670,2435716,36817,16404642,30986029,11467,5470,41,65374,20514,47390671,85888,0.13351108420268257,92137,5524100.0,0.516185302683844
2022-01-13,2576363,2441295,36849,16474719,31009882,11693,5579,32,70077,23853,47484601,93930,0.12448631959970191,98219,5535742.0,0.5172731594014713
2022-01-14,2589588,2444542,36882,16556409,31028939,13225,3247,33,81690,19057,47585348,100747,0.13126941745163628,108164,5546490.0,0.518277478590705
2022-01-15,2598881,2445581,36907,16617724,31034869,9293,1039,25,61315,5930,47652593,67245,0.13819614841252137,116393,5536985.0,0.5173893083363632
2022-01-16,2606127,2450016,36937,16652118,31042693,7246,4435,30,34394,7824,47694811,42218,0.1716329527689611,119174,5522125.0,0.5160007538934889
2022-01-17,2626434,2462116,36964,16744292,31106070,20307,12100,27,92174,63377,47850362,155551,0.130548823215537,127354,5502775.0,0.5141926429601364
2022-01-18,2654936,2470174,36989,16853999,31137836,28502,8058,25,109707,31766,47991835,141473,0.20146600411385918,147773,5487109.0,0.5127287739223122
2022-01-19,2680951,2476876,37016,16956634,31158061,26015,6702,27,102635,20225,48114695,122860,0.21174507569591405,167059,5473802.0,0.5114853355662335
2022-01-20,2707890,2483610,37035,17062766,31199191,26939,6734,19,106132,41130,48261957,147262,0.18293246051255585,187245,5464102.0,0.5105789440389199
2022-01-21,2734507,2501481,37056,17186566,31228345,26617,17871,21,123800,29154,48414911,152954,0.17401963989173216,195970,5463940.0,0.5105638063659895
2022-01-22,2752863,2514431,37078,17273529,31236201,18356,12950,22,86963,7856,48509730,94819,0.19358989232115925,201354,5444856.0,0.5087805511178191
2022-01-23,2765762,2530494,37096,17325716,31244664,12899,16063,18,52187,8463,48570380,60650,0.21267930750206102,198172,5427071.0,0.5071186775803682
2022-01-24,2796153,2554434,37118,17445727,31304645,30391,23940,22,120011,59981,48750372,179992,0.1688463931730299,204601,5412129.0,0.5057224608586032
2022-01-25,2835786,2561751,37132,17592942,31334851,39633,7317,14,147215,30206,48927793,177421,0.22338392862175277,236903,5400068.0,0.5045954517646929
2022-01-26,2890483,2570787,37152,17737916,31356120,54697,9036,20,144974,21269,49094036,166243,0.32901836468302426,282544,5391297.0,0.5037758682506653
2022-01-27,2925295,2602325,37179,17876232,31396700,34812,31538,27,138316,40580,49272932,178896,0.19459350684196405,285791,5385992.0,0.5032801561834077
2022-01-28,2972561,2627066,37199,18032789,31425996,47266,24741,20,156557,29296,49458785,185853,0.2543192738346973,308296,5396066.0,0.5042214951778569
2022-01-29,2990844,2651907,37225,18136629,31432464,18283,24841,26,103840,6468,49569093,110308,0.16574500489538382,301712,5387005.0,0.5033748133604353
2022-01-30,3014785,2677881,37253,18199240,31440758,23941,25974,28,62611,8294,49639998,70905,0.3376489669275792,299651,5374724.0,0.5022272469329159
2022-01-31,3044336,2704771,37287,18317960,31496863,29551,26890,34,118720,56105,49814823,174825,0.16903188903188904,302278,5364083.0,0.5012329260832102
2022-02-01,3101570,2719050,37330,18474351,31525374,57234,14279,43,156391,28511,49999725,184902,0.3095369438946036,345190,5351576.0,0.5000642416675287
2022-02-02,3144899,2736248,37370,18609955,31544592,43329,17198,40,135604,19218,50154547,154822,0.27986332691736315,371281,5340543.0,0.4990332913870285
2022-02-03,3182582,2790052,37407,18743467,31580317,37683,53804,37,133512,35725,50323784,169237,0.22266407464088822,355123,5324627.0,0.49754606174283017
2022-02-04,3211284,2835000,37460,18864338,31606262,28702,44948,53,120871,25945,50470600,146816,0.19549640366172624,338824,5314991.0,0.49664565053074833
2022-02-05,3235285,2875026,37508,18937132,31612161,24001,40026,48,72794,5899,50549293,78693,0.30499536172213537,322751,5300424.0,0.4952844747185444
2022-02-06,3244354,2914584,37552,18976709,31619310,9069,39558,44,39577,7149,50596019,46726,0.19408894405684202,292218,5285193.0,0.493861253135811
2022-02-07,3273967,2951517,37612,19078508,31666382,29613,36933,60,101799,47072,50744890,148871,0.1989171833332214,284838,5253070.0,0.4908596021015949
2022-02-08,3311616,2967899,37663,19191465,31689336,37649,16382,51,112957,22954,50880801,135911,0.2770121623709634,306054,5229518.0,0.48865884609630716
2022-02-09,3340668,2985942,37708,19279583,31705083,29052,18043,45,88118,15747,50984666,103865,0.2797092379531122,317018,5202755.0,0.486158046462751
2022-02-10,3363334,3043033,37762,19364348,31735808,22666,57091,54,84765,30725,51100156,115490,0.19625941639968827,282539,5179879.0,0.48402045753709877
2022-02-11,3385467,3089179,37820,19446256,31757764,22133,46146,58,81908,21956,51204020,103864,0.21309597165524147,258468,5160073.0,0.48216973685771997
2022-02-12,3396420,3125659,37878,19492112,31762063,10953,36480,58,45856,4299,51254175,50155,0.21838301266075166,232883,5148537.0,0.48109178503719524
2022-02-13,3403614,3159595,37931,19519226,31768304,7194,33936,53,27114,6241,51287530,33355,0.21567980812471893,206088,5135679.0,0.47989030233016444
2022-02-14,3423079,3187628,37974,19595410,31807737,19465,28033,43,76184,39433,51403147,115617,0.16835759447140125,197477,5107974.0,0.4773014799317908
2022-02-15,3451318,3199367,37991,19674629,31826707,28239,11739,17,79219,18970,51501336,98189,0.2875984071535508,213960,5090325.0,0.4756523145642074
