date,positive_total,recovered_total,deceased_total,positive_daily,recovered_daily,deceased_daily,active,positive_increase,positive_increase_5d,growth_factor,ones
2020-03-01,0,0,0,,,,0,,,,1
2020-03-02,0,0,0,0.0,0.0,0.0,0,,,,1
2020-03-03,0,0,0,0.0,0.0,0.0,0,,,,1
2020-03-04,0,0,0,0.0,0.0,0.0,0,,,,1
2020-03-05,0,0,0,0.0,0.0,0.0,0,,,,1
2020-03-06,0,0,0,0.0,0.0,0.0,0,,,,1
2020-03-07,0,0,0,0.0,0.0,0.0,0,,,,1
2020-03-08,0,0,0,0.0,0.0,0.0,0,,,,1
2020-03-09,0,0,0,0.0,0.0,0.0,0,,,,1
2020-03-10,0,0,0,0.0,0.0,0.0,0,,,,1
2020-03-11,0,0,0,0.0,0.0,0.0,0,,,,1
2020-03-12,0,0,0,0.0,0.0,0.0,0,,,,1
2020-03-13,0,0,0,0.0,0.0,0.0,0,,,,1
2020-03-14,0,0,0,0.0,0.0,0.0,0,,,,1
2020-03-15,1,0,0,1.0,0.0,0.0,1,inf,,inf,1
2020-03-16,1,0,0,0.0,0.0,0.0,1,0.0,,0.0,1
2020-03-17,2,0,0,1.0,0.0,0.0,2,1.0,,inf,1
2020-03-18,3,0,0,1.0,0.0,0.0,3,0.5,,1.0,1
2020-03-19,3,0,0,0.0,0.0,0.0,3,0.0,inf,0.0,1
2020-03-20,3,0,0,0.0,0.0,0.0,3,0.0,0.3,,1
2020-03-21,7,0,0,4.0,0.0,0.0,7,1.3333333333333333,0.5666666666666667,inf,1
2020-03-22,9,0,0,2.0,0.0,0.0,9,0.2857142857142857,0.4238095238095238,0.5,1
2020-03-23,15,0,0,6.0,0.0,0.0,15,0.6666666666666666,0.45714285714285713,3.0,1
2020-03-24,20,0,0,5.0,0.0,0.0,20,0.3333333333333333,0.5238095238095237,0.8333333333333334,1
2020-03-25,29,0,0,9.0,0.0,0.0,29,0.45,0.6138095238095238,1.8,1
2020-03-26,33,0,0,4.0,0.0,0.0,33,0.13793103448275862,0.37472906403940887,0.4444444444444444,1
2020-03-27,43,0,0,10.0,0.0,0.0,43,0.30303030303030304,0.37819226750261226,2.5,1
2020-03-28,44,0,0,1.0,0.0,0.0,44,0.023255813953488372,0.24951009695997667,0.1,1
2020-03-29,46,0,0,2.0,0.0,0.0,46,0.045454545454545456,0.19193433938421908,2.0,1
2020-03-30,48,0,0,2.0,0.0,0.0,48,0.043478260869565216,0.11062999155813213,1.0,1
2020-03-31,48,0,0,0.0,0.0,0.0,48,0.0,0.08304378466158042,0.0,1
2020-04-01,49,0,0,1.0,0.0,0.0,49,0.020833333333333332,0.026604390722186476,inf,1
2020-04-02,51,0,0,2.0,0.0,0.0,51,0.04081632653061224,0.03011649323761125,2.0,1
2020-04-03,70,0,0,19.0,0.0,0.0,70,0.37254901960784315,0.09553538806827078,9.5,1
2020-04-04,82,1,0,12.0,1.0,0.0,81,0.17142857142857143,0.12112545018007206,0.631578947368421,1
2020-04-05,82,2,0,0.0,1.0,0.0,80,0.0,0.12112545018007206,0.0,1
2020-04-06,89,6,0,7.0,4.0,0.0,83,0.08536585365853659,0.1340319542451127,inf,1
2020-04-07,94,8,0,5.0,2.0,0.0,86,0.056179775280898875,0.13710464399517003,0.7142857142857143,1
2020-04-08,99,12,0,5.0,4.0,0.0,87,0.05319148936170213,0.0732331379459418,1.0,1
2020-04-09,102,23,0,3.0,11.0,0.0,79,0.030303030303030304,0.04500802972083358,0.6,1
2020-04-10,106,25,0,4.0,2.0,0.0,81,0.0392156862745098,0.05285116697573554,1.3333333333333333,1
2020-04-11,109,28,0,3.0,3.0,0.0,81,0.02830188679245283,0.041438373602518785,0.75,1
2020-04-12,110,28,0,1.0,0.0,0.0,82,0.009174311926605505,0.03203728093166011,0.3333333333333333,1
2020-04-13,112,30,0,2.0,2.0,0.0,82,0.01818181818181818,0.025035346695683323,2.0,1
2020-04-14,112,35,0,0.0,5.0,0.0,77,0.0,0.018974740635077265,0.0,1
2020-04-15,114,35,0,2.0,0.0,0.0,79,0.017857142857142856,0.014703031951603874,inf,1
2020-04-16,114,37,0,0.0,2.0,0.0,77,0.0,0.009042654593113309,0.0,1
2020-04-17,115,55,0,1.0,18.0,0.0,60,0.008771929824561403,0.008962178172704487,inf,1
2020-04-18,115,56,0,0.0,1.0,0.0,59,0.0,0.005325814536340852,0.0,1
2020-04-19,115,60,1,0.0,4.0,1.0,54,0.0,0.005325814536340852,,1
2020-04-20,116,62,1,1.0,2.0,0.0,53,0.008695652173913044,0.003493516399694889,inf,1
2020-04-21,117,66,1,1.0,4.0,0.0,50,0.008620689655172414,0.005217654330729372,1.0,1
2020-04-22,117,73,1,0.0,7.0,0.0,43,0.0,0.0034632683658170917,0.0,1
2020-04-23,118,77,1,1.0,4.0,0.0,40,0.008547008547008548,0.005172670075218801,inf,1
2020-04-24,118,82,1,0.0,5.0,0.0,35,0.0,0.005172670075218801,0.0,1
2020-04-25,118,85,1,0.0,3.0,0.0,32,0.0,0.003433539640436192,,1
2020-04-26,118,85,1,0.0,0.0,0.0,32,0.0,0.0017094017094017096,,1
2020-04-27,118,87,1,0.0,2.0,0.0,30,0.0,0.0017094017094017096,,1
2020-04-28,119,88,1,1.0,1.0,0.0,30,0.00847457627118644,0.001694915254237288,inf,1
2020-04-29,119,93,1,0.0,5.0,0.0,25,0.0,0.001694915254237288,0.0,1
2020-04-30,123,100,1,4.0,7.0,0.0,22,0.03361344537815126,0.00841760432986754,inf,1
2020-05-01,127,101,1,4.0,1.0,0.0,25,0.032520325203252036,0.014921669370517948,1.0,1
2020-05-02,127,103,1,0.0,2.0,0.0,23,0.0,0.014921669370517948,0.0,1
2020-05-03,128,103,1,1.0,0.0,0.0,24,0.007874015748031496,0.014801557265886958,inf,1
2020-05-04,130,105,1,2.0,2.0,0.0,24,0.015625,0.017926557265886957,2.0,1
2020-05-05,134,105,1,4.0,0.0,0.0,28,0.03076923076923077,0.01735771434410286,2.0,1
2020-05-06,137,106,1,3.0,1.0,0.0,30,0.022388059701492536,0.01533126124375096,0.75,1
2020-05-07,137,109,1,0.0,3.0,0.0,27,0.0,0.01533126124375096,0.0,1
2020-05-08,138,109,1,1.0,0.0,0.0,28,0.0072992700729927005,0.015216312108743201,inf,1
2020-05-09,138,109,2,0.0,0.0,1.0,27,0.0,0.012091312108743202,0.0,1
2020-05-10,138,109,2,0.0,0.0,0.0,27,0.0,0.005937465954897048,,1
2020-05-11,141,109,2,3.0,0.0,0.0,30,0.021739130434782608,0.005807680101555061,inf,1
2020-05-12,143,110,2,2.0,1.0,0.0,31,0.014184397163120567,0.008644559534179174,0.6666666666666666,1
2020-05-13,145,110,2,2.0,0.0,0.0,33,0.013986013986013986,0.009981908316783432,1.0,1
2020-05-14,148,110,2,3.0,0.0,0.0,36,0.020689655172413793,0.014119839351266188,1.5,1
2020-05-15,149,110,2,1.0,0.0,0.0,37,0.006756756756756757,0.015471190702617543,0.3333333333333333,1
2020-05-16,155,110,2,6.0,0.0,0.0,43,0.040268456375838924,0.019177055890828805,6.0,1
2020-05-17,157,110,2,2.0,0.0,0.0,45,0.012903225806451613,0.018920821619495015,0.3333333333333333,1
2020-05-18,200,113,2,43.0,3.0,0.0,85,0.27388535031847133,0.07090068888598647,21.5,1
2020-05-19,223,114,2,23.0,1.0,0.0,107,0.115,0.08976275785150371,0.5348837209302325,1
2020-05-20,252,115,2,29.0,1.0,0.0,135,0.13004484304932734,0.11442037511001786,1.2608695652173914,1
2020-05-21,263,116,2,11.0,1.0,0.0,145,0.04365079365079365,0.11509684256500878,0.3793103448275862,1
2020-05-22,278,118,2,15.0,2.0,0.0,158,0.057034220532319393,0.12392304151018234,1.3636363636363635,1
2020-05-23,315,118,2,37.0,0.0,0.0,195,0.13309352517985612,0.0957646764824593,2.466666666666667,1
2020-05-24,361,120,2,46.0,2.0,0.0,239,0.14603174603174604,0.10197102568880849,1.2432432432432432,1
2020-05-25,385,123,2,24.0,3.0,0.0,260,0.0664819944598338,0.0892584559709098,0.5217391304347826,1
2020-05-26,409,125,2,24.0,2.0,0.0,282,0.06233766233766234,0.09299582970828353,1.0,1
2020-05-27,419,125,2,10.0,0.0,0.0,292,0.02444987775061125,0.0864789611519419,0.4166666666666667,1
2020-05-28,431,127,2,12.0,2.0,0.0,302,0.028639618138424822,0.06558817974365565,1.2,1
2020-05-29,446,131,2,15.0,4.0,0.0,313,0.03480278422273782,0.043342387381854,1.25,1
2020-05-30,454,132,2,8.0,1.0,0.0,320,0.017937219730941704,0.03363343243607558,0.5333333333333333,1
2020-05-31,461,132,2,7.0,0.0,0.0,327,0.015418502202643172,0.024249600409071752,0.875,1
2020-06-01,467,139,2,6.0,7.0,0.0,326,0.013015184381778741,0.02196266173530525,0.8571428571428571,1
2020-06-02,479,153,2,12.0,14.0,0.0,324,0.02569593147751606,0.0213739244031235,2.0,1
2020-06-03,497,161,2,18.0,8.0,0.0,334,0.037578288100208766,0.021929025178617688,1.5,1
2020-06-04,510,172,2,13.0,11.0,0.0,336,0.026156941649899398,0.023572969562409226,0.7222222222222222,1
2020-06-05,514,183,2,4.0,11.0,0.0,329,0.00784313725490196,0.022057896572860988,0.3076923076923077,1
2020-06-06,522,200,2,8.0,17.0,0.0,320,0.01556420233463035,0.02256770016343131,2.0,1
2020-06-07,539,209,2,17.0,9.0,0.0,328,0.032567049808429116,0.02394192382961392,2.125,1
2020-06-08,566,221,2,27.0,12.0,0.0,343,0.05009276437847866,0.026444819085267895,1.588235294117647,1
2020-06-09,592,236,2,26.0,15.0,0.0,354,0.045936395759717315,0.030400709907231482,0.9629629629629629,1
2020-06-10,611,267,2,19.0,31.0,0.0,342,0.03209459459459459,0.03525100137517001,0.7307692307692307,1
2020-06-11,621,280,2,10.0,13.0,0.0,339,0.016366612111292964,0.03541148333050253,0.5263157894736842,1
2020-06-12,629,297,3,8.0,17.0,1.0,329,0.01288244766505636,0.03147456290182798,0.8,1
2020-06-13,643,310,3,14.0,13.0,0.0,330,0.022257551669316374,0.025907520359995523,1.75,1
2020-06-14,647,313,4,4.0,3.0,1.0,330,0.006220839813374806,0.01796440917072702,0.2857142857142857,1
2020-06-15,653,324,4,6.0,11.0,0.0,325,0.00927357032457496,0.013400204316723095,1.5,1
2020-06-16,660,342,5,7.0,18.0,1.0,313,0.010719754977029096,0.01227083288987032,1.1666666666666667,1
2020-06-17,679,362,5,19.0,20.0,0.0,312,0.02878787878787879,0.015451919114434803,2.7142857142857144,1
2020-06-18,729,377,5,50.0,15.0,0.0,347,0.07363770250368189,0.02572794928130791,2.6315789473684212,1
2020-06-19,758,399,5,29.0,22.0,0.0,354,0.039780521262002745,0.03243988557103349,0.58,1
2020-06-20,777,405,5,19.0,6.0,0.0,367,0.025065963060686015,0.035598364118255704,0.6551724137931034,1
2020-06-21,785,419,5,8.0,14.0,0.0,361,0.010296010296010296,0.03551361518205194,0.42105263157894735,1
2020-06-22,793,452,5,8.0,33.0,0.0,336,0.01019108280254777,0.03179425598498574,1.0,1
2020-06-23,823,475,5,30.0,23.0,0.0,343,0.03783102143757881,0.024632919771765127,3.75,1
2020-06-24,865,500,5,42.0,25.0,0.0,360,0.05103280680437424,0.026883376880239424,1.4,1
2020-06-25,909,527,5,44.0,27.0,0.0,377,0.05086705202312139,0.03204359467272651,1.0476190476190477,1
2020-06-26,989,553,5,80.0,26.0,0.0,431,0.08800880088008801,0.04758615278954205,1.8181818181818181,1
2020-06-27,1133,562,5,144.0,9.0,0.0,566,0.14560161779575329,0.07466825978818314,1.8,1
2020-06-28,1311,569,5,178.0,7.0,0.0,737,0.15710503089143865,0.09852306167895511,1.2361111111111112,1
2020-06-29,1440,583,5,129.0,14.0,0.0,852,0.09839816933638444,0.10799613418535714,0.7247191011235955,1
2020-06-30,1522,618,5,82.0,35.0,0.0,899,0.05694444444444444,0.10921161266962176,0.6356589147286822,1
2020-07-01,1557,647,5,35.0,29.0,0.0,905,0.022996057818659658,0.09620906405733609,0.4268292682926829,1
2020-07-02,1613,664,5,56.0,17.0,0.0,944,0.03596660244059088,0.0742820609863036,1.6,1
2020-07-03,1669,702,5,56.0,38.0,0.0,962,0.0347179169249845,0.049804638193012785,1.0,1
2020-07-04,1731,726,6,62.0,24.0,1.0,999,0.03714799281006591,0.037554602887749075,1.1071428571428572,1
2020-07-05,1764,743,6,33.0,17.0,0.0,1015,0.019064124783362217,0.02997853895553263,0.532258064516129,1
2020-07-06,1790,759,6,26.0,16.0,0.0,1025,0.01473922902494331,0.028327173196789363,0.7878787878787878,1
2020-07-07,1823,786,6,33.0,27.0,0.0,1031,0.018435754189944135,0.024821003546660014,1.2692307692307692,1
2020-07-08,1860,819,6,37.0,33.0,0.0,1035,0.02029621503017005,0.021936663167697122,1.121212121212121,1
2020-07-09,1888,855,7,28.0,36.0,1.0,1026,0.015053763440860216,0.017517817293855986,0.7567567567567568,1
2020-07-10,1920,896,7,32.0,41.0,0.0,1017,0.01694915254237288,0.01709482284565812,1.1428571428571428,1
2020-07-11,1942,996,7,22.0,100.0,0.0,939,0.011458333333333333,0.01643864370733612,0.6875,1
2020-07-12,1964,1100,7,22.0,104.0,0.0,857,0.01132852729145211,0.015017198327637718,1.0,1
2020-07-13,1978,1282,8,14.0,182.0,1.0,688,0.007128309572301426,0.012383617236063994,0.6363636363636364,1
2020-07-14,1994,1365,8,16.0,83.0,0.0,621,0.008088978766430738,0.0109906603011781,1.1428571428571428,1
2020-07-15,2013,1404,8,19.0,39.0,0.0,601,0.009528585757271816,0.009506546944157885,1.1875,1
2020-07-16,2038,1478,8,25.0,74.0,0.0,552,0.012419274714356682,0.009698735220362555,1.3157894736842106,1
2020-07-17,2052,1592,9,14.0,114.0,1.0,451,0.0068694798822374874,0.008806925738519631,0.56,1
2020-07-18,2073,1632,9,21.0,40.0,0.0,432,0.01023391812865497,0.009428047449790339,1.5,1
2020-07-19,2088,1666,9,15.0,34.0,0.0,413,0.00723589001447178,0.009257429699398547,0.7142857142857143,1
2020-07-20,2134,1724,9,46.0,58.0,0.0,401,0.022030651340996167,0.011757842816143418,3.066666666666667,1
2020-07-21,2158,1756,11,24.0,32.0,2.0,391,0.011246485473289597,0.01152328496793,0.5217391304347826,1
2020-07-22,2200,1789,11,42.0,33.0,0.0,400,0.019462465245597776,0.014041882040602058,1.75,1
2020-07-23,2213,1795,12,13.0,6.0,1.0,406,0.005909090909090909,0.013176916596689247,0.30952380952380953,1
2020-07-24,2225,1796,12,12.0,1.0,0.0,417,0.005422503389064619,0.012814239271607814,0.9230769230769231,1
