date,positive_total,recovered_total,deceased_total,tested_pcr_total,tested_ag_total,positive_daily,recovered_daily,deceased_daily,tested_pcr_daily,tested_ag_daily,tested_total,tested_daily,positive_ratio,active,vaxs_active,vaxs_active_prcs
2022-01-14,2590815,2443810,36963,16557880,32118411,13230,3248,33,81692,19182,48676291,100874,0.13115371651763585,110042,5548281.0,0.5184448339747688
2022-01-15,2600108,2444853,36988,16619195,32124363,9293,1043,25,61315,5952,48743558,67267,0.13815095068904515,118267,5538739.0,0.5175532063506836
2022-01-16,2607354,2449289,37017,16653589,32132209,7246,4436,29,34394,7846,48785798,42240,0.1715435606060606,121048,5523872.0,0.5161639978108309
2022-01-17,2627666,2461402,37045,16745765,32196454,20312,12113,28,92176,64245,48942219,156421,0.1298546870305138,129219,5504537.0,0.5143572885138609
2022-01-18,2656171,2469466,37070,16855475,32228327,28505,8064,25,109710,31873,49083802,141583,0.20133066822994286,149635,5488867.0,0.5128930457063345
2022-01-19,2682195,2476171,37097,16958112,32248621,26024,6705,27,102637,20294,49206733,122931,0.21169599206058684,168927,5475557.0,0.5116493270229795
2022-01-20,2709136,2482917,37116,17064247,32290195,26941,6746,19,106135,41574,49354442,147709,0.1823924066915354,189103,5465860.0,0.5107432158229424
2022-01-21,2735769,2500796,37137,17188048,32319448,26633,17879,21,123801,29253,49507496,153054,0.17401047996132085,197836,5465674.0,0.5107258355318
2022-01-22,2754128,2513746,37159,17275016,32327337,18359,12950,22,86968,7889,49602353,94857,0.19354396618067196,203223,5446612.0,0.5089446360169905
2022-01-23,2767031,2529809,37177,17327205,32335826,12903,16063,18,52189,8489,49663031,60678,0.2126470879066548,200045,5428828.0,0.5072828559219651
2022-01-24,2797428,2553755,37199,17447218,32396207,30397,23946,22,120013,60381,49843425,180394,0.16850338703061077,206474,5413897.0,0.5058876670668806
2022-01-25,2837068,2561075,37214,17594435,32426566,39640,7320,15,147217,30359,50021001,177576,0.22322836419335945,238779,5401809.0,0.5047581350274819
2022-01-26,2891771,2570021,37236,17739419,32447991,54703,8946,22,144984,21425,50187410,166409,0.3287262107217759,284514,5393036.0,0.5039383646286033
2022-01-27,2926590,2601475,37263,17877747,32488729,34819,31454,27,138328,40738,50366476,179066,0.1944478572146583,287852,5387715.0,0.5034411574825377
2022-01-28,2973866,2626071,37286,18034306,32518277,47276,24596,23,156559,29548,50552583,186107,0.2540259098260678,310509,5397937.0,0.5043963259559604
2022-01-29,2992154,2650887,37313,18138151,32524786,18288,24816,27,103845,6509,50662937,110354,0.16572122442321982,303954,5388877.0,0.5035497375809643
2022-01-30,3016096,2676830,37342,18200765,32533117,23942,25943,29,62614,8331,50733882,70945,0.33747269011205866,301924,5376601.0,0.5024026383655724
2022-01-31,3045653,2703600,37376,18319493,32589748,29557,26770,34,118728,56631,50909241,175359,0.16855137175736631,304677,5365980.0,0.5014101863643767
2022-02-01,3102897,2717763,37420,18475887,32618712,57244,14163,44,156394,28964,51094599,185358,0.3088294004035434,347714,5353516.0,0.5002455199729914
2022-02-02,3146238,2734826,37460,18611500,32638295,43341,17063,40,135613,19583,51249795,155196,0.27926621820150005,373952,5342516.0,0.49921765329253265
2022-02-03,3183931,2788521,37500,18745014,32674685,37693,53695,40,133514,36390,51419699,169904,0.22184880873905263,357910,5326648.0,0.49773490888475813
2022-02-04,3212665,2833326,37554,18865932,32701246,28734,44805,54,120918,26561,51567178,147479,0.19483451881284794,341785,5317084.0,0.49684122552731197
2022-02-05,3236674,2873294,37602,18938732,32707276,24009,39968,48,72800,6030,51646008,78830,0.3045667892934162,325778,5302542.0,0.4954823857757455
2022-02-06,3245745,2912821,37648,18978313,32714554,9071,39527,46,39581,7278,51692867,46859,0.19358074222668004,295276,5287311.0,0.49405916419301205
2022-02-07,3275376,2949624,37708,19080120,32763325,29631,36803,60,101807,48771,51843445,150578,0.19678173438350888,288044,5255230.0,0.4910614377406668
2022-02-08,3313182,2965859,37761,19193323,32786891,37806,16235,53,113203,23566,51980214,136769,0.27642228867652757,309562,5231711.0,0.4888637653354205
2022-02-09,3342235,2983771,37806,19281448,32803318,29053,17912,45,88125,16427,52084766,104552,0.2778808631111791,320658,5205019.0,0.48636960011407454
2022-02-10,3364906,3040713,37863,19366216,32835439,22671,56942,57,84768,32121,52201655,116889,0.19395323768703643,286330,5182245.0,0.4842415423158229
2022-02-11,3387049,3086652,37921,19448132,32858110,22143,45939,58,81916,22671,52306242,104587,0.21171847361526766,262476,5162619.0,0.4824076412730334
2022-02-12,3398003,3123084,37985,19493992,32862701,10954,36432,64,45860,4591,52356693,50451,0.21712156349725475,236934,5151097.0,0.48133099764646564
2022-02-13,3405199,3156908,38041,19521106,32869239,7196,33824,56,27114,6538,52390345,33652,0.21383573041721146,210250,5138243.0,0.4801298887091368
2022-02-14,3424682,3184808,38089,19597564,32913341,19483,27900,48,76458,44102,52510905,120560,0.1616041804910418,201785,5110710.0,0.4775571384079485
2022-02-15,3452968,3196493,38136,19681418,32934866,28286,11685,47,83854,21525,52616284,105379,0.2684216020269693,218339,5093522.0,0.47595104999851895
2022-02-16,3469963,3209198,38189,19741283,32949001,16995,12705,53,59865,14135,52690284,74000,0.22966216216216218,222576,5065793.0,0.4733599849819334
2022-02-17,3485491,3253948,38245,19799837,32978022,15528,44750,56,58554,29021,52777859,87575,0.1773108763916643,193298,5032906.0,0.47028694393463816
2022-02-18,3499266,3284025,38304,19855682,32998737,13775,30077,59,55845,20715,52854419,76560,0.17992424242424243,176937,5000783.0,0.46728529290042203
2022-02-19,3507489,3307914,38359,19889387,33003056,8223,23889,55,33705,4319,52892443,38024,0.21625815274563434,161216,4975938.0,0.4649637158389677
2022-02-20,3511761,3330173,38408,19908156,33008521,4272,22259,49,18769,5465,52916677,24234,0.17628125773706363,143180,4947941.0,0.4623476082523491
2022-02-21,3525220,3349300,38465,19954465,33029039,13459,19127,57,46309,20518,52983504,66827,0.2014006314812875,137455,4899535.0,0.45782443420377755
2022-02-22,3539433,3357355,38524,19999033,33041921,14213,8055,59,44568,12882,53040954,57450,0.2473977371627502,143554,4871765.0,0.45522953804774663
2022-02-23,3550645,3366096,38565,20036793,33053324,11212,8741,41,37760,11403,53090117,49163,0.22805768565791348,145984,4850196.0,0.453214078372218
2022-02-24,3560682,3397651,38621,20074803,33066012,10037,31555,56,38010,12688,53140815,50698,0.1979762515286599,124410,4813502.0,0.44978530201105854
2022-02-25,3569802,3417237,38666,20111812,33076420,9120,19586,45,37009,10408,53188232,47417,0.19233608199590865,113899,4780382.0,0.44669048887862267
2022-02-26,3575394,3432805,38709,20133959,33080225,5592,15568,43,22147,3805,53214184,25952,0.2154747225647349,103880,4749194.0,0.4437762065122456
2022-02-27,3578720,3447514,38757,20148403,33084643,3326,14709,48,14444,4418,53233046,18862,0.1763333686777648,92449,4739531.0,0.44287327235467533
2022-02-28,3588886,3460882,38812,20187451,33103445,10166,13368,55,39048,18802,53290896,57850,0.17573033707865168,89192,4705729.0,0.439714731488051
2022-03-01,3600516,3466529,38851,20221818,33115003,11630,5647,39,34367,11558,53336821,45925,0.25323897659227,95136,4689127.0,0.4381634003399622
2022-03-02,3609486,3472279,38897,20249263,33125203,8970,5750,46,27445,10200,53374466,37645,0.23827865586399255,98310,4677355.0,0.43706339610702033
2022-03-03,3617566,3489374,38941,20277296,33136244,8080,17095,44,28033,11041,53413540,39074,0.2067871218713211,89251,4647491.0,0.4342728315120003
2022-03-04,3625824,3501598,38972,20306996,33146597,8258,12224,31,29700,10353,53453593,40053,0.2061768157191721,85254,4616608.0,0.43138704908539954
2022-03-05,3630388,3512210,39004,20324553,33150003,4564,10612,32,17557,3406,53474556,20963,0.21771692982874588,79174,4583849.0,0.42832596866856787
2022-03-06,3632962,3521729,39041,20334769,33154314,2574,9519,37,10216,4311,53489083,14527,0.17718730639498864,72192,4545142.0,0.42470909270488444
2022-03-07,3643438,3530579,39078,20365041,33171026,10476,8850,37,30272,16712,53536067,46984,0.2229695215392474,73781,4511472.0,0.42156288623842564
2022-03-08,3653931,3534665,39120,20394144,33181470,10493,4086,42,29103,10444,53575614,39547,0.2653298606721117,80146,4497886.0,0.42029337744563355
2022-03-09,3663022,3539097,39151,20420953,33190922,9091,4432,31,26809,9452,53611875,36261,0.2507101293400623,84774,4488258.0,0.41939371377295565
2022-03-10,3671265,3552931,39176,20447024,33201381,8243,13834,25,26071,10459,53648405,36530,0.2256501505611826,79158,4457899.0,0.4165568951773149
2022-03-11,3679622,3562368,39194,20474002,33211005,8357,9437,18,26978,9624,53685007,36602,0.2283208567837823,78060,4426190.0,0.4135939293072543
2022-03-12,3684049,3571102,39220,20490066,33214305,4427,8734,26,16064,3300,53704371,19364,0.2286201198099566,73727,4396475.0,0.4108172876336332
2022-03-13,3686802,3579131,39246,20499175,33218198,2753,8029,26,9109,3893,53717373,13002,0.21173665589909244,68425,4367602.0,0.4081193244822799
2022-03-14,3697623,3587067,39282,20529908,33228984,10821,7936,36,30733,10786,53758892,41519,0.26062766444278523,71274,4334111.0,0.40498984420998496
2022-03-15,3708338,3590528,39308,20559136,33235920,10715,3461,26,29228,6936,53795056,36164,0.296289127308926,78502,4323628.0,0.40401028726350774
2022-03-16,3716893,3594240,39337,20584842,33242517,8555,3712,29,25706,6597,53827359,32303,0.2648360833359131,83316,4315971.0,0.40329479861148293
2022-03-17,3725050,3606849,39367,20609819,33249429,8157,12609,30,24977,6912,53859248,31889,0.2557935338204396,78834,4289916.0,0.4008601562151781
2022-03-18,3733766,3616304,39388,20636114,33255802,8716,9455,21,26295,6373,53891916,32668,0.26680543651279537,78074,4261727.0,0.39822610768286426
2022-03-19,3738554,3624894,39409,20650111,33258097,4788,8590,21,13997,2295,53908208,16292,0.29388657009575253,74251,4252799.0,0.3973918537080337
2022-03-20,3740831,3632991,39432,20659096,33261189,2277,8097,23,8985,3092,53920285,12077,0.18854020038088928,68408,4226066.0,0.3948938573472424
2022-03-21,3751252,3640914,39470,20688399,33270268,10421,7923,38,29303,9079,53958667,38382,0.2715074774633943,70868,4199274.0,0.39239034788334687
2022-03-22,3761746,3644447,39489,20716707,33276999,10494,3533,19,28308,6731,53993706,35039,0.2994948485972773,77810,4189773.0,0.391502551398707
2022-03-23,3770223,3648199,39518,20742291,33283408,8477,3752,29,25584,6409,54025699,31993,0.264964210921139,82506,4185454.0,0.39109897356298867
2022-03-24,3777341,3661254,39546,20766822,33290126,7118,13055,28,24531,6718,54056948,31249,0.22778328906525008,76541,4161173.0,0.3888300980295142
2022-03-25,3784887,3670637,39571,20791068,33297008,7546,9383,25,24246,6882,54088076,31128,0.24241840143921872,74679,4131526.0,0.38605981044082677
2022-03-26,3788407,3679445,39598,20803284,33299252,3520,8808,27,12216,2244,54102536,14460,0.24343015214384509,69364,4101187.0,0.383224860693696
2022-03-27,3790652,3687460,39618,20811497,33301909,2245,8015,20,8213,2657,54113406,10870,0.20653173873045078,63574,4064180.0,0.3797668368533562
2022-03-28,3799462,3695864,39648,20838235,33310829,8810,8404,30,26738,8920,54149064,35658,0.24706938134499973,63950,4028656.0,0.37644738813002737
2022-03-29,3808372,3699385,39675,20865933,33317631,8910,3521,27,27698,6802,54183564,34500,0.2582608695652174,69312,4022786.0,0.37589888109236436
2022-03-30,3815763,3703020,39698,20890740,33323938,7391,3635,23,24807,6307,54214678,31114,0.2375457993186347,73045,4012425.0,0.37493072412179773
2022-03-31,3822247,3715686,39714,20914279,33330271,6484,12666,16,23539,6333,54244550,29872,0.21705945366898768,66847,3970237.0,0.37098857507496186
2022-04-01,3828223,3724497,39728,20935210,33336747,5976,8811,14,20931,6476,54271957,27407,0.2180464844747692,63998,3918296.0,0.36613508205226103
2022-04-02,3830813,3732745,39749,20945928,33338785,2590,8248,21,10718,2038,54284713,12756,0.20304170586390718,58319,3851787.0,0.35992031977493083
2022-04-03,3832470,3739842,39767,20952354,33341489,1657,7097,18,6426,2704,54293843,9130,0.18148959474260679,52861,3778171.0,0.35304146217959875
2022-04-04,3839023,3746995,39790,20975220,33349617,6553,7153,23,22866,8128,54324837,30994,0.21142801832612765,52238,3701294.0,0.3458578888347234
2022-04-05,3845724,3749840,39818,20997593,33355771,6701,2845,28,22373,6154,54353364,28527,0.23490026991972518,56066,3672264.0,0.3431452552225672
2022-04-06,3851011,3752704,39845,21017278,33361474,5287,2864,27,19685,5703,54378752,25388,0.208247991176934,58462,3651945.0,0.3412465985789089
2022-04-07,3855990,3763630,39872,21035126,33366971,4979,10926,27,17848,5497,54402097,23345,0.21327907474834013,52488,3583759.0,0.33487513335402147
2022-04-08,3860122,3771360,39890,21052387,33372213,4132,7730,18,17261,5242,54424600,22503,0.1836199617828734,48872,3506576.0,0.3276629666269443
2022-04-09,3862372,3778481,39909,21062174,33374076,2250,7121,19,9787,1863,54436250,11650,0.19313304721030042,43982,3423804.0,0.31992855018376853
2022-04-10,3863768,3784526,39923,21067738,33376484,1396,6045,14,5564,2408,54444222,7972,0.17511289513296538,39319,3340760.0,0.31216871740085783
2022-04-11,3868504,3790205,39939,21086022,33383829,4736,5679,16,18284,7345,54469851,25629,0.18479066682273987,38360,3263931.0,0.3049896292924063
2022-04-12,3872535,3792429,39948,21104054,33389308,4031,2224,9,18032,5479,54493362,23511,0.17145166092467357,40158,3236563.0,0.3024322969914249
2022-04-13,3875998,3794768,39959,21119585,33394737,3463,2339,11,15531,5429,54514322,20960,0.16521946564885495,41271,3220499.0,0.3009312378682531
2022-04-14,3879301,3802983,39965,21133126,33400215,3303,8215,6,13541,5478,54533341,19019,0.17366843682633157,36353,3159667.0,0.2952469482404651
