date,positive_total,recovered_total,deceased_total,tested_pcr_total,tested_ag_total,positive_daily,recovered_daily,deceased_daily,tested_pcr_daily,tested_ag_daily,tested_total,tested_daily,positive_ratio,active
2021-11-06,1817304,1700559,31130,12002954,29223071,5744,2064,52,35110,36744,41226025,71854,0.07993987808611908,85615
2021-11-07,1820315,1702864,31169,12021245,29247970,3011,2305,39,18291,24899,41269215,43190,0.06971521185459598,86282
2021-11-08,1829601,1709403,31217,12071098,29303586,9286,6539,48,49853,55616,41374684,105469,0.08804482833818468,88981
2021-11-09,1844178,1714886,31280,12140389,29342920,14577,5483,63,69291,39334,41483309,108625,0.1341956271576525,98012
2021-11-10,1857735,1721064,31355,12204540,29384766,13557,6178,75,64151,41846,41589306,105997,0.12789984622206288,105316
2021-11-11,1868181,1724067,31426,12268756,29434149,10446,3003,71,64216,49383,41702905,113599,0.09195503481544733,112688
2021-11-12,1882435,1731338,31494,12341884,29500808,14254,7271,68,73128,66659,41842692,139787,0.10196942491075708,119603
2021-11-13,1891614,1734997,31568,12387903,29535397,9179,3659,74,46019,34589,41923300,80608,0.11387207225089321,125049
2021-11-14,1897304,1738682,31630,12416275,29559633,5690,3685,62,28372,24236,41975908,52608,0.10815845498783455,126992
2021-11-15,1908865,1748835,31723,12483147,29619810,11561,10153,93,66872,60177,42102957,127049,0.09099638722067864,128307
2021-11-16,1931398,1757596,31792,12578788,29671332,22533,8761,69,95641,51522,42250120,147163,0.15311593267329424,142010
2021-11-17,1945575,1766170,31874,12640681,29695281,14177,8574,82,61893,23949,42335962,85842,0.16515225647119125,147531
2021-11-18,1959072,1774351,31994,12705044,29747519,13497,8181,120,64363,52238,42452563,116601,0.11575372423907171,152727
2021-11-19,1982040,1783527,32107,12796709,29813877,22968,9176,113,91665,66358,42610586,158023,0.14534593065566404,166406
2021-11-20,1996455,1787179,32203,12862537,29847231,14415,3652,96,65828,33354,42709768,99182,0.14533887197273698,177073
2021-11-21,2004726,1790917,32315,12898652,29873218,8271,3738,112,36115,25987,42771870,62102,0.13318411645357636,181494
2021-11-22,2019236,1806838,32426,12976812,29921127,14510,15921,111,78160,47909,42897939,126069,0.11509570156025668,179972
2021-11-23,2045146,1819994,32542,13081588,29951131,25910,13156,116,104776,30004,43032719,134780,0.19223920462976704,192610
2021-11-24,2063190,1832593,32635,13183063,29978872,18044,12599,93,101475,27741,43161935,129216,0.1396421495789995,197962
2021-11-25,2091125,1845122,32749,13284131,30014499,27935,12529,114,101068,35627,43298630,136695,0.20436007169245402,213254
2021-11-26,2111499,1858224,32866,13384086,30043867,20374,13102,117,99955,29368,43427953,129323,0.15754351507465802,220409
2021-11-27,2124026,1863969,32961,13458530,30051767,12527,5745,95,74444,7900,43510297,82344,0.15213008840959877,227096
2021-11-28,2133329,1869778,33081,13508423,30062041,9303,5809,120,49893,10274,43570464,60167,0.15461964199644324,230470
2021-11-29,2150938,1892012,33189,13595575,30110044,17609,22234,108,87152,48003,43705619,135155,0.13028744774518145,225737
2021-11-30,2172951,1911130,33309,13709674,30137895,22013,19118,120,114099,27851,43847569,141950,0.15507573089115886,228512
2021-12-01,2194096,1919529,33448,13810306,30163135,21145,8399,139,100632,25240,43973441,125872,0.16798811491038515,241119
2021-12-02,2212709,1939880,33572,13911557,30193707,18613,20351,124,101251,30572,44105264,131823,0.1411969079750878,239257
2021-12-03,2230383,1960327,33691,14011466,30218710,17674,20447,119,99909,25003,44230176,124912,0.14149161009350583,236365
2021-12-04,2241363,1969567,33800,14083337,30226057,10980,9240,109,71871,7347,44309394,79218,0.1386048625312429,237996
2021-12-05,2247693,1978078,33910,14122615,30234706,6330,8511,110,39278,8649,44357321,47927,0.1320758653785966,235705
2021-12-06,2263244,2005238,34033,14209872,30274430,15551,27160,123,87257,39724,44484302,126981,0.12246714075334104,223973
2021-12-07,2282746,2030261,34141,14314062,30297832,19502,25023,108,104190,23402,44611894,127592,0.15284657345288105,218344
2021-12-08,2298936,2051192,34253,14402838,30321628,16190,20931,112,88776,23796,44724466,112572,0.1438190669082898,213491
2021-12-09,2313177,2070760,34365,14490430,30349687,14241,19568,112,87592,28059,44840117,115651,0.12313771605952391,208052
2021-12-10,2325574,2089978,34484,14577643,30372397,12397,19218,119,87213,22710,44950040,109923,0.11277894526168318,201112
2021-12-11,2334655,2098282,34584,14640311,30379420,9081,8304,100,62668,7023,45019731,69691,0.13030376949677863,201789
2021-12-12,2338769,2105901,34706,14668690,30387656,4114,7619,122,28379,8236,45056346,36615,0.11235832309162912,198162
2021-12-13,2350657,2132983,34819,14751630,30423388,11888,27082,113,82940,35732,45175018,118672,0.10017527302143724,182855
2021-12-14,2367351,2153629,34928,14848393,30445832,16694,20646,109,96763,22444,45294225,119207,0.14004211162096186,178794
2021-12-15,2378965,2172376,35051,14923856,30468822,11614,18747,123,75463,22990,45392678,98453,0.11796491727016953,171538
2021-12-16,2388458,2189472,35147,15002335,30497867,9493,17096,96,78479,29045,45500202,107524,0.08828726609873144,163839
2021-12-17,2397418,2205946,35230,15079251,30521543,8960,16474,83,76916,23676,45600794,100592,0.0890726896771115,156242
2021-12-18,2403402,2213013,35329,15129022,30531553,5984,7067,99,49771,10010,45660575,59781,0.10009869356484502,155060
2021-12-19,2407143,2219310,35397,15158745,30541478,3741,6297,68,29723,9925,45700223,39648,0.09435532687651332,152436
2021-12-20,2415723,2241597,35474,15232135,30572280,8580,22287,77,73390,30802,45804415,104192,0.08234797297297297,138652
2021-12-21,2427555,2242208,35551,15314667,30592660,11832,611,77,82532,20380,45907327,102912,0.11497201492537314,149796
2021-12-22,2435249,2242766,35627,15393411,30610605,7694,558,76,78744,17945,46004016,96689,0.07957471894424392,156856
2021-12-23,2442605,2243353,35666,15482743,30623286,7356,587,39,89332,12681,46106029,102013,0.07210845676531423,163586
2021-12-24,2444648,2243564,35692,15502179,30626023,2043,211,26,19436,2737,46128202,22173,0.09213908808009742,165392
