date,positive_total,recovered_total,deceased_total,tested_pcr_total,tested_ag_total,positive_daily,recovered_daily,deceased_daily,tested_pcr_daily,tested_ag_daily,tested_total,tested_daily,positive_ratio,active,vaxs_active,vaxs_active_prcs
2021-12-13,2354153,2130279,34877,14751747,30427554,11906,27014,115,82953,36876,45179301,119829,0.09935825217601749,188997,5776974.0,0.5398144625887832
2021-12-14,2370862,2150967,34991,14848526,30450752,16709,20688,114,96779,23198,45299278,119977,0.1392683597689557,184904,5792790.0,0.5412923479904319
2021-12-15,2382480,2169717,35115,14924010,30474321,11618,18750,124,75484,23569,45398331,99053,0.11729074333942435,177648,5803142.0,0.542259663979169
2021-12-16,2391981,2186844,35212,15002497,30504149,9501,17127,97,78487,29828,45506646,108315,0.08771638277246918,169925,5811530.0,0.5430434590442317
2021-12-17,2400943,2203277,35305,15079421,30528755,8962,16433,93,76924,24606,45608176,101530,0.08826947700187136,162361,5823858.0,0.5441954172657494
2021-12-18,2406928,2210392,35409,15129202,30538939,5985,7115,104,49781,10184,45668141,59965,0.0998082214625198,161127,5824543.0,0.5442594253272144
2021-12-19,2410673,2216793,35479,15158926,30549035,3745,6401,70,29724,10096,45707961,39820,0.09404821697639378,158401,5820350.0,0.5438676212371085
2021-12-20,2419273,2239144,35559,15232318,30582391,8600,22351,80,73392,33356,45814709,106748,0.08056357027766328,144570,5821124.0,0.5439399456744427
2021-12-21,2431119,2255670,35640,15314879,30604329,11846,16526,81,82561,21938,45919208,104499,0.1133599364587221,139809,5819586.0,0.5437962312240294
2021-12-22,2438815,2270436,35724,15393635,30624503,7696,14766,84,78756,20174,46018138,98930,0.07779237844940867,132655,5804238.0,0.5423620768775129
2021-12-23,2446176,2282918,35784,15483003,30640808,7361,12482,60,89368,16305,46123811,105673,0.06965828546553993,127474,5747784.0,0.5370868781885476
2021-12-24,2448222,2295156,35864,15503769,30645364,2046,12238,80,20766,4556,46149133,25322,0.08079930495221546,117202,5662504.0,0.5291181081422273
2021-12-25,2449312,2300538,35932,15517386,30650787,1090,5382,68,13617,5423,46168173,19040,0.05724789915966386,112842,5483928.0,0.5124315335668086
2021-12-26,2451327,2305466,36017,15538447,30660597,2015,4928,85,21061,9810,46199044,30871,0.06527161413624437,109844,5458421.0,0.5100480976196757
2021-12-27,2458191,2323708,36068,15594291,30684999,6864,18242,51,55844,24402,46279290,80246,0.08553697380554794,98415,5574390.0,0.5208845222620505
2021-12-28,2467269,2336689,36140,15653719,30702628,9078,12981,72,59428,17629,46356347,77057,0.1178088947143024,94440,5551691.0,0.5187634726457111
2021-12-29,2473429,2347223,36215,15697769,30720173,6160,10534,75,44050,17545,46417942,61595,0.10000811754200828,89991,5522146.0,0.5160027161844243
2021-12-30,2479185,2355995,36273,15737349,30736726,5756,8772,58,39580,16553,46474075,56133,0.10254217661625069,86917,5481737.0,0.5122268012125463
2021-12-31,2484183,2364636,36328,15772857,30745136,4998,8641,55,35508,8410,46517993,43918,0.11380299649346509,83219,5403856.0,0.5049494116724728
2022-01-01,2485276,2369001,36374,15781562,30749345,1093,4365,46,8705,4209,46530907,12914,0.08463682824841258,79901,5370352.0,0.5018187166486463
2022-01-02,2487207,2372924,36425,15801157,30760895,1931,3923,51,19595,11550,46562052,31145,0.062000321078824853,77858,5361319.0,0.5009746512191386
2022-01-03,2496565,2385816,36485,15874605,30801658,9358,12892,60,73448,40763,46676263,114211,0.08193606570295331,74264,5399404.0,0.5045334059941634
2022-01-04,2506745,2394303,36545,15946144,30827160,10180,8487,60,71539,25502,46773304,97041,0.10490411269463423,75897,5451311.0,0.5093837219743973
2022-01-05,2514134,2401950,36584,15999727,30849882,7389,7647,39,53583,22722,46849609,76305,0.09683506978572833,75600,5457910.0,0.5100003485402471
2022-01-06,2520775,2407051,36642,16056992,30873407,6641,5101,58,57265,23525,46930399,80790,0.0822007674217106,77082,5479355.0,0.5120042213550142
2022-01-07,2527449,2407977,36688,16125320,30890522,6674,926,46,68328,17115,47015842,85443,0.07811055323431995,82784,5508950.0,0.5147696499375758
2022-01-08,2531412,2409670,36731,16165691,30898121,3963,1693,43,40371,7599,47063812,47970,0.08261413383364603,85011,5510286.0,0.5148944890180388
2022-01-09,2534176,2413007,36754,16189551,30906522,2764,3337,23,23860,8401,47096073,32261,0.08567620346548464,84415,5504763.0,0.5143784065020229
2022-01-10,2541537,2423088,36797,16261209,30943165,7361,10081,43,71658,36643,47204374,108301,0.06796797813501261,81652,5507642.0,0.5146474272450267
2022-01-11,2553916,2429827,36835,16339268,30965515,12379,6739,38,78059,22350,47304783,100409,0.12328576123654254,87254,5517625.0,0.5155802629787558
2022-01-12,2565384,2435298,36876,16404642,30986029,11468,5471,41,65374,20514,47390671,85888,0.13352272727272727,93210,5525024.0,0.5162716434850025
2022-01-13,2577077,2440878,36909,16474719,31009882,11693,5580,33,70077,23853,47484601,93930,0.12448631959970191,99290,5536678.0,0.5173606215117359
2022-01-14,2590306,2444126,36942,16556409,31028939,13229,3248,33,81690,19057,47585348,100747,0.1313091208671226,109238,5547370.0,0.5183597079251417
2022-01-15,2599599,2445168,36967,16617724,31034869,9293,1042,25,61315,5930,47652593,67245,0.13819614841252137,117464,5537829.0,0.5174681737434821
2022-01-16,2606845,2449604,36996,16652118,31042693,7246,4436,29,34394,7824,47694811,42218,0.1716329527689611,120245,5522961.0,0.5160788717612038
2022-01-17,2627155,2461717,37024,16744292,31106070,20310,12113,28,92174,63377,47850362,155551,0.1305681094946352,128414,5503621.0,0.5142716952521063
2022-01-18,2655659,2469782,37049,16853999,31137884,28504,8065,25,109707,31814,47991883,141521,0.20141180460850333,148828,5487942.0,0.5128066114627505
2022-01-19,2681680,2476488,37076,16956634,31158121,26021,6706,27,102635,20237,48114755,122872,0.2117732274236604,168116,5474633.0,0.511562986221821
2022-01-20,2708621,2483232,37095,17062766,31199508,26941,6744,19,106132,41387,48262274,147519,0.18262732258217584,188294,5464921.0,0.5106554733854013
2022-01-21,2735246,2501110,37116,17186567,31228677,26625,17878,21,123801,29169,48415244,152970,0.1740537360266719,197020,5464742.0,0.5106387471912375
2022-01-22,2753603,2514060,37138,17273531,31236546,18357,12950,22,86964,7869,48510077,94833,0.1935718578975673,202405,5445677.0,0.5088572673491515
2022-01-23,2766505,2530123,37156,17325719,31245015,12902,16063,18,52188,8469,48570734,60657,0.21270422210132384,199226,5427893.0,0.5071954872541261
2022-01-24,2796901,2554066,37178,17445731,31305182,30396,23943,22,120012,60167,48750913,180179,0.1686989049778276,205657,5412971.0,0.505801139380871
2022-01-25,2836541,2561386,37193,17592948,31335442,39640,7320,15,147217,30260,48928390,177477,0.22335288516258445,237962,5400892.0,0.5046724483233018
2022-01-26,2891243,2570332,37214,17737923,31356789,54702,8946,21,144975,21347,49094712,166322,0.32889214896405766,283697,5392109.0,0.5038517435001683
2022-01-27,2926060,2601786,37241,17876246,31397457,34817,31454,27,138323,40668,49273703,178991,0.1945181601309563,287033,5386795.0,0.5033551904510811
2022-01-28,2973334,2626383,37264,18032805,31426835,47274,24597,23,156559,29378,49459640,185937,0.25424740637958015,309687,5397014.0,0.5043100785972273
2022-01-29,2991621,2651199,37291,18136648,31433328,18287,24816,27,103843,6493,49569976,110336,0.16573919663573086,303131,5387960.0,0.5034640508767843
2022-01-30,3015563,2677142,37319,18199261,31441637,23942,25943,28,62613,8309,49640898,70922,0.3375821324835735,301102,5375685.0,0.5023170451038178
2022-01-31,3045119,2703913,37353,18317984,31498035,29556,26771,34,118723,56398,49816019,175121,0.168774732898967,303853,5365073.0,0.5013254340844516
2022-02-01,3102362,2718076,37397,18474378,31526907,57243,14163,44,156394,28872,50001285,185266,0.3089773622791014,346889,5352619.0,0.5001617021173212
2022-02-02,3145699,2735141,37437,18609990,31546410,43337,17065,40,135612,19503,50156400,155115,0.27938626180575704,373121,5341624.0,0.49913430264899
2022-02-03,3183389,2788837,37474,18743503,31582735,37690,53696,37,133513,36325,50326238,169838,0.2219173565397614,357078,5325726.0,0.49764875496845057
2022-02-04,3212112,2833643,37528,18864414,31609065,28723,44806,54,120911,26330,50473479,147241,0.19507474141034087,340941,5316170.0,0.4967558191504084
2022-02-05,3236122,2873611,37576,18937213,31615069,24010,39968,48,72799,6004,50552282,78803,0.3046838318338134,324935,5301625.0,0.4953966990715654
2022-02-06,3245192,2913136,37622,18976793,31622322,9070,39525,46,39580,7253,50599115,46833,0.19366685883885296,294434,5286396.0,0.493973664373683
2022-02-07,3274821,2949939,37682,19078599,31670945,29629,36803,60,101806,48623,50749544,150429,0.19696335148142977,287200,5254319.0,0.4909763116910397
2022-02-08,3312609,2966171,37735,19191787,31694492,37788,16232,53,113188,23547,50886279,136735,0.2763593812849673,308703,5230800.0,0.4887786392857934
2022-02-09,3341662,2984087,37780,19279910,31710895,29053,17916,45,88123,16403,50990805,104526,0.2779499837361039,319795,5204109.0,0.48628456750687293
2022-02-10,3364334,3041029,37836,19364677,31743003,22672,56942,56,84767,32108,51107680,116875,0.1939850267379679,285469,5181342.0,0.48415716380559976
2022-02-11,3386474,3086965,37894,19446593,31765669,22140,45936,58,81916,22666,51212262,104582,0.21169991011837602,261615,5161704.0,0.4823221414537044
2022-02-12,3397428,3123397,37957,19492453,31770259,10954,36432,63,45860,4590,51262712,50450,0.21712586719524282,236074,5150181.0,0.4812454043847111
2022-02-13,3404622,3157221,38013,19519567,31776796,7194,33824,56,27114,6537,51296363,33651,0.21378265133279842,209388,5137329.0,0.48004448233223324
2022-02-14,3424100,3185118,38061,19596025,31820878,19478,27897,48,76458,44082,51416903,120540,0.16158951385432221,200921,5109792.0,0.47747135826134296
2022-02-15,3452387,3196793,38108,19679879,31842353,28287,11675,47,83854,21475,51522232,105329,0.26855851664783675,217486,5092612.0,0.47586601739131734
2022-02-16,3469381,3209491,38161,19739744,31856460,16994,12698,53,59865,14107,51596204,73972,0.2297355756232088,221729,5064879.0,0.4732745786050298
2022-02-17,3484905,3254234,38217,19798298,31885452,15524,44743,56,58554,28992,51683750,87546,0.17732392113860143,192454,5031988.0,0.47020116378803256
2022-02-18,3498680,3284301,38275,19854143,31906130,13775,30067,58,55845,20678,51760273,76523,0.1800112384511846,176104,4999851.0,0.46719820455985955
2022-02-19,3506902,3308188,38329,19887848,31910437,8222,23887,54,33705,4307,51798285,38012,0.21630011575292013,160385,4975008.0,0.4648768143832562
2022-02-20,3511174,3330450,38378,19906617,31915891,4272,22262,49,18769,5454,51822508,24223,0.17636130949923626,142346,4947011.0,0.4622607067966376
2022-02-21,3524630,3349679,38435,19952926,31936279,13456,19229,57,46309,20388,51889205,66697,0.20174820456692205,136516,4898599.0,0.45773697209351305
2022-02-22,3538839,3357840,38493,19997492,31949125,14209,8161,58,44566,12846,51946617,57412,0.24749181355814115,142506,4870802.0,0.45513955299199377
2022-02-23,3550048,3366679,38533,20035251,31960443,11209,8839,40,37759,11318,51995694,49077,0.22839619373637346,144836,4849228.0,0.45312362610433765
2022-02-24,3560077,3398329,38588,20073257,31973047,10029,31650,55,38006,12604,52046304,50610,0.1981624184943687,123160,4812528.0,0.4496942890886252
2022-02-25,3569197,3418060,38631,20110264,31983366,9120,19731,43,37007,10319,52093630,47326,0.19270591218357774,112506,4779398.0,0.44659854153193435
2022-02-26,3574789,3433679,38673,20132410,31987137,5592,15619,42,22146,3771,52119547,25917,0.21576571362426206,102437,4748214.0,0.4436846329352593
2022-02-27,3578115,3448415,38718,20146854,31991520,3326,14736,45,14444,4383,52138374,18827,0.17666117809528867,90982,4738550.0,0.4427816053352635
2022-02-28,3588260,3461887,38773,20185902,32010122,10145,13472,55,39048,18602,52196024,57650,0.17597571552471813,87600,4704737.0,0.4396220366019587
2022-03-01,3599886,3467614,38811,20220236,32021447,11626,5727,38,34334,11325,52241683,45659,0.25462668915219344,93461,4688106.0,0.43806799562353055
2022-03-02,3608852,3473436,38856,20247674,32031449,8966,5822,45,27438,10002,52279123,37440,0.23947649572649574,96560,4676289.0,0.43696378648144135
2022-03-03,3616927,3490596,38900,20275704,32042001,8075,17160,44,28030,10552,52317705,38582,0.20929448965838993,87431,4646395.0,0.4341704186136564
2022-03-04,3625182,3502910,38929,20305401,32052096,8255,12314,29,29697,10095,52357497,39792,0.20745375954965822,83343,4615473.0,0.43128099193246133
2022-03-05,3629743,3513551,38960,20322957,32055414,4561,10641,31,17556,3318,52378371,20874,0.2185014851010827,77232,4582718.0,0.42822028528533157
2022-03-06,3632317,3523084,38995,20333173,32059624,2574,9533,35,10216,4210,52392797,14426,0.1784278386247054,70238,4544005.0,0.4246028486670952
2022-03-07,3642704,3532015,39030,20363444,32075328,10387,8931,35,30271,15704,52438772,45975,0.22592713431212616,71659,4510298.0,0.42145318483089306
2022-03-08,3653189,3536179,39070,20392331,32085338,10485,4164,40,28887,10010,52477669,38897,0.2695580636038769,77940,4496706.0,0.42018311538354797
2022-03-09,3662219,3540696,39100,20418973,32094273,9030,4517,30,26642,8935,52513246,35577,0.2538156674255839,82423,4487033.0,0.41927924680172274
2022-03-10,3670457,3554591,39122,20445043,32103762,8238,13895,22,26070,9489,52548805,35559,0.23167130684214968,76744,4456628.0,0.41643812985450923
2022-03-11,3678810,3564107,39132,20472017,32112186,8353,9516,10,26974,8424,52584203,35398,0.23597378382959489,75571,4424686.0,0.41345339189930796
2022-03-12,3683231,3572859,39149,20488066,32114862,4421,8752,17,16049,2676,52602928,18725,0.2361014686248331,71223,4394968.0,0.41067646989841033
2022-03-13,3685973,3580897,39155,20495809,32117981,2742,8038,6,7743,3119,52613790,10862,0.25243969802982874,65921,4366065.0,0.4079757034742922
