date,positive_total,recovered_total,deceased_total,tested_pcr_total,tested_ag_total,positive_daily,recovered_daily,deceased_daily,tested_pcr_daily,tested_ag_daily,tested_total,tested_daily,positive_ratio,active
2021-11-17,1945731,1766152,31874,12640681,29695281,14182,8577,82,61893,23949,42335962,85842,0.16521050301717108,147705
2021-11-18,1959231,1774338,31994,12705044,29747519,13500,8186,120,64363,52238,42452563,116601,0.11577945300640646,152899
2021-11-19,1982200,1783514,32107,12796709,29813877,22969,9176,113,91665,66358,42610586,158023,0.14535225884839548,166579
2021-11-20,1996615,1787165,32203,12862537,29847231,14415,3651,96,65828,33354,42709768,99182,0.14533887197273698,177247
2021-11-21,2004890,1790903,32316,12898652,29873218,8275,3738,113,36115,25987,42771870,62102,0.13324852661750025,181671
2021-11-22,2019404,1806823,32427,12976812,29921127,14514,15920,111,78160,47909,42897939,126069,0.11512743021678605,180154
2021-11-23,2045314,1819979,32542,13081588,29951131,25910,13156,115,104776,30004,43032719,134780,0.19223920462976704,192793
2021-11-24,2063358,1832594,32635,13183063,29978872,18044,12615,93,101475,27741,43161935,129216,0.1396421495789995,198129
2021-11-25,2091295,1845140,32749,13284131,30014499,27937,12546,114,101068,35627,43298630,136695,0.20437470280551592,213406
2021-11-26,2111673,1858250,32866,13384086,30043867,20378,13110,117,99955,29368,43427953,129323,0.1575744453809454,220557
2021-11-27,2124201,1864006,32961,13458530,30051767,12528,5756,95,74444,7900,43510297,82344,0.1521422325852521,227234
2021-11-28,2133506,1869823,33081,13508423,30062042,9305,5817,120,49893,10275,43570465,60168,0.15465031245844968,230602
2021-11-29,2151115,1892086,33189,13595577,30110207,17609,22263,108,87154,48165,43705784,135319,0.13012954574006608,225840
2021-11-30,2173130,1911221,33309,13709676,30138074,22015,19135,120,114099,27867,43847750,141966,0.15507234126480987,228600
2021-12-01,2194279,1919639,33448,13810312,30163498,21149,8418,139,100636,25424,43973810,126060,0.16776931619863558,241192
2021-12-02,2212895,1940012,33572,13911565,30194247,18616,20373,124,101253,30749,44105812,132002,0.14102816623990547,239311
2021-12-03,2230575,1960477,33691,14011478,30219324,17680,20465,119,99913,25077,44230802,124990,0.1414513161052884,236407
2021-12-04,2241558,1969606,33800,14083351,30226696,10983,9129,109,71873,7372,44310047,79245,0.13859549498391066,238152
2021-12-05,2247889,1978052,33910,14122629,30235396,6331,8446,110,39278,8700,44358025,47978,0.1319563133102672,235927
2021-12-06,2263455,2004975,34033,14209891,30275552,15566,26923,123,87262,40156,44485443,127418,0.12216484327175124,224447
2021-12-07,2282974,2029824,34141,14314113,30299165,19519,24849,108,104222,23613,44613278,127835,0.1526890131810537,219009
2021-12-08,2299173,2050589,34253,14402907,30323271,16199,20765,112,88794,24106,44726178,112900,0.14348095659875995,214331
2021-12-09,2313423,2070036,34366,14490508,30351807,14250,19447,113,87601,28536,44842315,116137,0.1226999147558487,209021
2021-12-10,2325822,2089081,34486,14577724,30374833,12399,19045,120,87216,23026,44952557,110242,0.11247074617659332,202255
2021-12-11,2334906,2097368,34586,14640401,30381918,9084,8287,100,62677,7085,45022319,69762,0.13021415670422293,202952
2021-12-12,2339030,2105014,34708,14668782,30390214,4124,7646,122,28381,8296,45058996,36677,0.11244103934345775,199308
2021-12-13,2350926,2132011,34821,14751732,30426713,11896,26997,113,82950,36499,45178445,119449,0.09959062026471549,184094
2021-12-14,2367626,2152662,34931,14848506,30449630,16700,20651,110,96774,22917,45298136,119691,0.13952594597755888,180033
2021-12-15,2379241,2171583,35054,14923974,30472977,11615,18921,123,75468,23347,45396951,98815,0.11754288316551131,172604
2021-12-16,2388734,2188884,35150,15002455,30502581,9493,17301,96,78481,29604,45505036,108085,0.08782902345376324,164700
2021-12-17,2397694,2205509,35237,15079375,30526790,8960,16625,87,76920,24209,45606165,101129,0.08859970928220391,156948
2021-12-18,2403677,2212663,35338,15129152,30536912,5983,7154,101,49777,10122,45666064,59899,0.09988480609025192,155676
2021-12-19,2407418,2219068,35406,15158876,30546956,3741,6405,68,29724,10044,45705832,39768,0.09407060953530477,152944
2021-12-20,2415997,2241503,35484,15232262,30579502,8579,22435,78,73386,32546,45811764,105932,0.08098591549295775,139010
2021-12-21,2427834,2258095,35564,15314799,30600867,11837,16592,80,82537,21365,45915666,103902,0.11392465977555774,134175
2021-12-22,2435525,2272906,35647,15393545,30620330,7691,14811,83,78746,19463,46013875,98209,0.07831257827693999,126972
2021-12-23,2442883,2285477,35704,15482907,30636276,7358,12571,57,89362,15946,46119183,105308,0.06987123485395222,121702
2021-12-24,2444928,2297670,35778,15503671,30640669,2045,12193,74,20764,4393,46144340,25157,0.08128950192789283,111480
2021-12-25,2446016,2302992,35845,15517288,30646015,1088,5322,67,13617,5346,46163303,18963,0.05737488793967199,107179
2021-12-26,2448031,2307863,35924,15538346,30655738,2015,4871,79,21058,9723,46194084,30781,0.06546246060881712,104244
2021-12-27,2454884,2325975,35975,15594187,30679251,6853,18112,51,55841,23513,46273438,79354,0.08635985583587469,92934
2021-12-28,2463960,2338878,36046,15653617,30696558,9076,12903,71,59430,17307,46350175,76737,0.11827410506014048,89036
2021-12-29,2470108,2349354,36116,15697656,30713276,6148,10476,70,44039,16718,46410932,60757,0.10118998633902267,84638
2021-12-30,2475859,2358072,36172,15737225,30729068,5751,8718,56,39569,15792,46466293,55361,0.10388179404273767,81615
2021-12-31,2480854,2366739,36223,15772731,30737178,4995,8667,51,35506,8110,46509909,43616,0.11452219369038885,77892
2022-01-01,2481942,2366923,36264,15781417,30741181,1088,184,41,8686,4003,46522598,12689,0.0857435574119316,78755
2022-01-02,2483866,2366999,36313,15801003,30752355,1924,76,49,19586,11174,46553358,30760,0.06254876462938881,80554
2022-01-03,2493205,2367308,36373,15873965,30788673,9339,309,60,72962,36318,46662638,109280,0.08545937042459736,89524
2022-01-04,2503374,2367582,36397,15940352,30810774,10169,274,24,66387,22101,46751126,88488,0.11491953711237682,99395
