date,positive_total,recovered_total,deceased_total,tested_pcr_total,tested_ag_total,positive_daily,recovered_daily,deceased_daily,tested_pcr_daily,tested_ag_daily,tested_total,tested_daily,positive_ratio,active,vaxs_active,vaxs_active_prcs
2021-11-10,1859870,1719799,31353,12204540,29384766,13571,6175,75,64151,41846,41589306,105997,0.12803192543185185,108718,5338675.0,0.49885874093620153
2021-11-11,1870324,1722800,31424,12268756,29434149,10454,3001,71,64216,49383,41702905,113599,0.09202545797058073,116100,5367205.0,0.5015246533356096
2021-11-12,1884584,1730071,31492,12341884,29500808,14260,7271,68,73128,66659,41842692,139787,0.10201234735705036,123021,5400417.0,0.5046280631711911
2021-11-13,1893767,1733731,31566,12387903,29535397,9183,3660,74,46019,34589,41923300,80608,0.11392169511710996,128470,5406356.0,0.5051830177362133
2021-11-14,1899465,1737415,31628,12416275,29559633,5698,3684,62,28372,24236,41975908,52608,0.10831052311435523,130422,5410304.0,0.5055519284320725
2021-11-15,1911027,1747574,31721,12483147,29619810,11562,10159,93,66872,60177,42102957,127049,0.09100425819959228,131732,5436399.0,0.5079903085253973
2021-11-16,1933566,1756346,31791,12578788,29671332,22539,8772,70,95641,51522,42250120,147163,0.15315670379103444,145429,5461842.0,0.5103677641572983
2021-11-17,1947763,1764920,31873,12640681,29695281,14197,8574,82,61893,23949,42335962,85842,0.16538524265511056,150970,5454203.0,0.5096539574689325
2021-11-18,1961281,1773109,31993,12705044,29747519,13518,8189,120,64363,52238,42452563,116601,0.115933825610415,156179,5465658.0,0.5107243404529921
2021-11-19,1984253,1782286,32106,12796709,29813877,22972,9177,113,91665,66358,42610586,158023,0.1453712434265898,169861,5481369.0,0.5121924143999637
2021-11-20,1998667,1785936,32202,12862537,29847231,14414,3650,96,65828,33354,42709768,99182,0.1453287894980944,180529,5479793.0,0.5120451491373815
2021-11-21,2006945,1789673,32315,12898652,29873218,8278,3737,113,36115,25987,42771870,62102,0.13329683424044314,184957,5476404.0,0.5117284727573748
2021-11-22,2021463,1805594,32426,12976812,29921127,14518,15921,111,78160,47909,42897939,126069,0.1151591588733154,183443,5479654.0,0.5120321606402376
2021-11-23,2047375,1818755,32541,13081588,29951131,25912,13161,115,104776,30004,43032719,134780,0.19225404362665083,196079,5486198.0,0.512643647872685
2021-11-24,2065421,1831369,32634,13183063,29978872,18046,12614,93,101475,27741,43161935,129216,0.13965762753838534,201418,5493900.0,0.5133633414338572
2021-11-25,2093358,1843913,32748,13284131,30014499,27937,12544,114,101068,35627,43298630,136695,0.20437470280551592,216697,5496664.0,0.5136216162979288
2021-11-26,2113740,1857021,32866,13384086,30043867,20382,13108,118,99955,29368,43427953,129323,0.15760537568723273,223853,5505907.0,0.5144853046367907
2021-11-27,2126268,1862778,32961,13458530,30051767,12528,5757,95,74444,7900,43510297,82344,0.1521422325852521,230529,5501379.0,0.5140621973341437
2021-11-28,2135575,1868598,33081,13508423,30062042,9307,5820,120,49893,10275,43570465,60168,0.15468355271905332,233896,5496896.0,0.513643294940644
2021-11-29,2153192,1890860,33189,13595577,30110207,17617,22262,108,87154,48165,43705784,135319,0.1301886653019901,229143,5502961.0,0.5142100232512787
2021-11-30,2175216,1909994,33309,13709676,30138074,22024,19134,120,114099,27867,43847750,141966,0.1551357367256949,231913,5517813.0,0.515597830154749
2021-12-01,2196369,1918413,33449,13810312,30163498,21153,8419,140,100636,25424,43973810,126060,0.16780104712041885,244507,5541888.0,0.5178474565485713
2021-12-02,2214992,1938800,33574,13911565,30194247,18623,20387,125,101253,30749,44105812,132002,0.1410811957394585,242618,5569901.0,0.5204650592139978
2021-12-03,2232677,1959267,33693,14011478,30219324,17685,20467,119,99913,25077,44230802,124990,0.14149131930554446,239717,5606942.0,0.5239262600968044
2021-12-04,2243659,1968393,33802,14083351,30226696,10982,9126,109,71873,7372,44310047,79245,0.13858287589122342,241464,5617795.0,0.5249403907407153
2021-12-05,2249993,1976842,33912,14122629,30235396,6334,8449,110,39278,8700,44358025,47978,0.1320188419692359,239239,5623131.0,0.5254389995231633
2021-12-06,2265573,2003779,34035,14209891,30275552,15580,26937,123,87262,40156,44485443,127418,0.1222747178577595,227759,5648072.0,0.5277695470574654
2021-12-07,2285106,2028652,34145,14314115,30299206,19533,24873,110,104224,23654,44613321,127878,0.1527471496269882,222309,5685336.0,0.5312515856011576
2021-12-08,2301315,2049432,34258,14402912,30323373,16209,20780,113,88797,24167,44726285,112964,0.1434881909280833,217625,5710941.0,0.5336441789059891
2021-12-09,2315579,2068900,34372,14490515,30352156,14264,19468,114,87603,28783,44842671,116386,0.12255769594281099,212307,5736336.0,0.5360171493014665
2021-12-10,2327979,2087961,34492,14577733,30375266,12400,19061,120,87218,23110,44952999,110328,0.11239213980131971,205526,5763721.0,0.5385760701236814
2021-12-11,2337064,2096255,34592,14640412,30382370,9085,8294,100,62679,7104,45022782,69783,0.13018930111918375,206217,5773593.0,0.5394985337481804
2021-12-12,2341193,2103907,34715,14668794,30390678,4129,7652,123,28382,8308,45059472,36690,0.11253747615153993,202571,5774958.0,0.5396260826589827
2021-12-13,2353098,2130923,34829,14751747,30427554,11905,27016,114,82953,36876,45179301,119829,0.09934990695073813,187346,5776079.0,0.539730831617964
2021-12-14,2369805,2151610,34942,14848526,30450752,16707,20687,113,96779,23198,45299278,119977,0.13925168990723222,183253,5791890.0,0.5412082498074853
2021-12-15,2381422,2170361,35066,14924010,30474321,11617,18751,124,75484,23569,45398331,99053,0.11728064773404137,175995,5802202.0,0.5421718280992026
2021-12-16,2390921,2187486,35163,15002497,30504149,9499,17125,97,78487,29828,45506646,108315,0.08769791810921848,168272,5810561.0,0.5429529133339258
2021-12-17,2399883,2203923,35251,15079421,30528755,8962,16437,88,76924,24606,45608176,101530,0.08826947700187136,160709,5822838.0,0.5441001059917432
2021-12-18,2405868,2211037,35354,15129202,30538939,5985,7114,103,49781,10184,45668141,59965,0.0998082214625198,159477,5823522.0,0.5441640206107827
2021-12-19,2409612,2217440,35422,15158926,30549035,3744,6403,68,29724,10096,45707961,39820,0.09402310396785535,156750,5819301.0,0.543769600132763
2021-12-20,2418211,2239789,35501,15232318,30582391,8599,22349,79,73392,33356,45814709,106748,0.08055420242065425,142921,5819591.0,0.5437966984361569
2021-12-21,2430055,2256310,35582,15314879,30604329,11844,16521,81,82561,21938,45919208,104499,0.11334079751959349,138163,5817579.0,0.5436086922760585
2021-12-22,2437751,2271078,35666,15393635,30624503,7696,14768,84,78756,20174,46018138,98930,0.07779237844940867,131007,5801729.0,0.5421276298319428
2021-12-23,2445111,2283560,35724,15483003,30640808,7360,12482,58,89368,16305,46123811,105673,0.06964882231033472,125827,5744263.0,0.5367578674083753
2021-12-24,2447156,2295801,35802,15503769,30645364,2045,12241,78,20766,4556,46149133,25322,0.08075981360082142,115553,5658491.0,0.5287431236887108
2021-12-25,2448246,2301182,35870,15517386,30650787,1090,5381,68,13617,5423,46168173,19040,0.05724789915966386,111194,5479834.0,0.5120489802768269
2021-12-26,2450261,2306109,35954,15538447,30660597,2015,4927,84,21061,9810,46199044,30871,0.06527161413624437,108198,5454248.0,0.5096581623780798
2021-12-27,2457123,2324351,36005,15594291,30684999,6862,18242,51,55844,24402,46279290,80246,0.08551205044488198,96767,5569421.0,0.5204202068497596
2021-12-28,2466201,2337333,36077,15653719,30702628,9078,12982,72,59428,17629,46356347,77057,0.1178088947143024,92791,5546626.0,0.5182901867605726
2021-12-29,2472360,2347867,36152,15697769,30720173,6159,10534,75,44050,17545,46417942,61595,0.09999188245799172,88341,5516017.0,0.5154300075585578
2021-12-30,2478116,2356636,36210,15737349,30736726,5756,8769,58,39580,16553,46474075,56133,0.10254217661625069,85270,5474392.0,0.5115404665972764
2021-12-31,2483113,2365275,36265,15772857,30745136,4997,8639,55,35508,8410,46517993,43918,0.11378022678628352,81573,5394621.0,0.5040864708730148
2022-01-01,2484206,2369639,36311,15781562,30749345,1093,4364,46,8705,4209,46530907,12914,0.08463682824841258,78256,5361016.0,0.5009463381642133
2022-01-02,2486137,2373562,36362,15801157,30760895,1931,3923,51,19595,11550,46562052,31145,0.062000321078824853,76213,5351953.0,0.5000994694619407
2022-01-03,2495495,2386454,36423,15874605,30801658,9358,12892,61,73448,40763,46676263,114211,0.08193606570295331,72618,5388367.0,0.5035020819439613
2022-01-04,2505674,2394942,36484,15946144,30827160,10179,8488,61,71539,25502,46773304,97041,0.10489380777197267,74248,5438239.0,0.5081622425883103
2022-01-05,2513062,2402589,36523,15999727,30849882,7388,7647,39,53583,22722,46849609,76305,0.09682196448463404,73950,5442213.0,0.5085335827872325
2022-01-06,2519702,2407687,36581,16056992,30873407,6640,5098,58,57265,23525,46930399,80790,0.08218838965218468,75434,5461285.0,0.5103157167262969
2022-01-07,2526374,2408614,36626,16125320,30890522,6672,927,45,68328,17115,47015842,85443,0.07808714581650925,81134,5486924.0,0.5127114870735954
2022-01-08,2530337,2410307,36669,16165691,30898121,3963,1693,43,40371,7599,47063812,47970,0.08261413383364603,83361,5487845.0,0.5127975475474774
2022-01-09,2533101,2413644,36692,16189551,30906522,2764,3337,23,23860,8401,47096073,32261,0.08567620346548464,82765,5482106.0,0.5122612814675545
2022-01-10,2540456,2423723,36736,16261209,30943165,7355,10079,44,71658,36643,47204374,108301,0.06791257698451537,79997,5482309.0,0.5122802502799302
2022-01-11,2552832,2430451,36774,16339268,30965514,12376,6728,38,78059,22349,47304782,100408,0.12325711098717233,85607,5488869.0,0.5128932325911856
2022-01-12,2564298,2435911,36815,16404642,30986003,11466,5460,41,65374,20489,47390645,85863,0.13353831103036232,91572,5491899.0,0.5131763631404392
2022-01-13,2575990,2441482,36847,16474717,31009834,11692,5571,32,70075,23831,47484551,93906,0.12450748620961387,97661,5498766.0,0.513818032276322
2022-01-14,2589214,2444723,36879,16556406,31028866,13224,3241,32,81689,19032,47585272,100721,0.13129337476792327,107612,5504407.0,0.5143451409985463
2022-01-15,2598507,2445759,36904,16617721,31034787,9293,1036,25,61315,5921,47652508,67236,0.13821464691534296,115844,5493813.0,0.5133552119428391
2022-01-16,2605753,2450193,36934,16652115,31042601,7246,4434,30,34394,7814,47694716,42208,0.17167361637604245,118626,5478396.0,0.5119146100689633
2022-01-17,2626057,2462294,36960,16744285,31105719,20304,12101,26,92170,63118,47850004,155288,0.13075060532687652,126803,5451858.0,0.5094348349811438
2022-01-18,2654558,2470349,36985,16853989,31137248,28501,8055,25,109704,31529,47991237,141233,0.20180127873797202,147224,5425219.0,0.5069456222083492
2022-01-19,2680571,2477110,37012,16956623,31157309,26013,6761,27,102634,20061,48113932,122695,0.21201352948367905,166449,5396878.0,0.5042973704273599
2022-01-20,2707509,2483899,37031,17062754,31198263,26938,6789,19,106131,40954,48261017,147085,0.18314580004759154,186579,5369978.0,0.5017837691815107
2022-01-21,2734119,2501834,37052,17186550,31227321,26610,17935,21,123796,29058,48413871,152854,0.17408769152262943,195233,5351384.0,0.5000463007218334
2022-01-22,2752472,2514822,37074,17273505,31235160,18353,12988,22,86955,7839,48508665,94794,0.1936093001666772,200576,5329081.0,0.4979622543059905
2022-01-23,2765369,2530902,37092,17325686,31243608,12897,16080,18,52181,8448,48569294,60629,0.21271998548549373,197375,5309806.0,0.49616115155455026
2022-01-24,2795754,2554890,37114,17445682,31303088,30385,23988,22,119996,59480,48748770,179476,0.16929840201475407,203750,5275442.0,0.49295009604479706
2022-01-25,2835387,2562295,37128,17592893,31333080,39633,7405,14,147211,29992,48925973,177203,0.2236587416691591,235964,5240922.0,0.48972446351666643
2022-01-26,2890079,2571331,37147,17737865,31354184,54692,9036,19,144972,21104,49092049,166076,0.3293191069149064,281601,5205794.0,0.48644201799383413
2022-01-27,2924885,2602868,37173,17876174,31394490,34806,31537,26,138309,40306,49270664,178615,0.1948660526831453,284844,5196953.0,0.48561589351002177
2022-01-28,2972148,2627606,37193,18032720,31423596,47263,24738,20,156546,29106,49456316,185652,0.2545784586215069,307349,5188086.0,0.4847873395231465
2022-01-29,2990429,2652447,37219,18136555,31430028,18281,24841,26,103835,6432,49566583,110267,0.16578849519801936,300763,5176197.0,0.4836764025264215
2022-01-30,3014363,2678420,37247,18199166,31438292,23934,25973,28,62611,8264,49637458,70875,0.3376931216931217,298696,5161380.0,0.4822918661078436
2022-01-31,3043910,2705309,37281,18317830,31493574,29547,26889,34,118664,55282,49811404,173946,0.16986306094995,301320,5130612.0,0.4794168295601749
2022-02-01,3101142,2719594,37324,18474205,31521601,57232,14285,43,156375,28027,49995806,184402,0.31036539733842367,344224,5092531.0,0.47585844855485215
2022-02-02,3144467,2736802,37363,18609803,31540322,43325,17208,39,135598,18721,50150125,154319,0.2807496160550548,370302,5051259.0,0.47200189276977084
2022-02-03,3182149,2790620,37400,18743310,31574904,37682,53818,37,133507,34582,50318214,168089,0.22417885762899417,354129,5005808.0,0.4677548410885407
2022-02-04,3210848,2835615,37450,18864120,31600184,28699,44995,50,120810,25280,50464304,146090,0.1964473954411664,337783,4967219.0,0.46414899133106585
2022-02-05,3234848,2875619,37494,18936910,31605865,24000,40004,44,72790,5681,50542775,78471,0.30584547157548647,321735,4948464.0,0.4623964786408837
2022-02-06,3243916,2915190,37537,18976486,31612723,9068,39571,43,39576,6858,50589209,46434,0.1952879355644571,291189,4930977.0,0.4607624509462307
2022-02-07,3273525,2952153,37591,19078252,31655978,29609,36963,54,101766,43255,50734230,145021,0.2041704304893774,283781,4877398.0,0.45575589923056703
2022-02-08,3311152,2968509,37612,19177445,31675687,37627,16356,21,99193,19709,50853132,118902,0.3164538863938369,305031,4825485.0,0.45090502259578014
