date,positive_total,recovered_total,deceased_total,tested_pcr_total,tested_ag_total,positive_daily,recovered_daily,deceased_daily,tested_pcr_daily,tested_ag_daily,tested_total,tested_daily,positive_ratio,active,vaxs_active,vaxs_active_prcs
2021-11-11,1870410,1722763,31424,12268756,29434149,10454,3001,71,64216,49383,41702905,113599,0.09202545797058073,116223,5367196.0,0.5015238123537801
2021-11-12,1884670,1730034,31492,12341884,29500808,14260,7271,68,73128,66659,41842692,139787,0.10201234735705036,123144,5400409.0,0.5046273156317871
2021-11-13,1893853,1733694,31566,12387903,29535397,9183,3660,74,46019,34589,41923300,80608,0.11392169511710996,128593,5406348.0,0.5051822701968094
2021-11-14,1899551,1737378,31628,12416275,29559633,5698,3684,62,28372,24236,41975908,52608,0.10831052311435523,130545,5410296.0,0.5055511808926686
2021-11-15,1911113,1747537,31721,12483147,29619810,11562,10159,93,66872,60177,42102957,127049,0.09100425819959228,131855,5436392.0,0.5079896544284187
2021-11-16,1933653,1756309,31791,12578788,29671332,22540,8772,70,95641,51522,42250120,147163,0.15316349897732445,145553,5461836.0,0.5103672035027453
2021-11-17,1947850,1764883,31873,12640681,29695281,14197,8574,82,61893,23949,42335962,85842,0.16538524265511056,151094,5454198.0,0.5096534902568051
2021-11-18,1961368,1773072,31993,12705044,29747519,13518,8189,120,64363,52238,42452563,116601,0.115933825610415,156303,5465655.0,0.5107240601257156
2021-11-19,1984340,1782249,32106,12796709,29813877,22972,9177,113,91665,66358,42610586,158023,0.1453712434265898,169985,5481361.0,0.5121916668605597
2021-11-20,1998754,1785898,32202,12862537,29847231,14414,3649,96,65828,33354,42709768,99182,0.1453287894980944,180654,5479785.0,0.5120444015979776
2021-11-21,2007032,1789635,32315,12898652,29873218,8278,3737,113,36115,25987,42771870,62102,0.13329683424044314,185082,5476396.0,0.5117277252179708
2021-11-22,2021550,1805556,32426,12976812,29921127,14518,15921,111,78160,47909,42897939,126069,0.1151591588733154,183568,5479650.0,0.5120317868705356
2021-11-23,2047462,1818717,32541,13081588,29951131,25912,13161,115,104776,30004,43032719,134780,0.19225404362665083,196204,5486194.0,0.512643274102983
2021-11-24,2065508,1831331,32634,13183063,29978872,18046,12614,93,101475,27741,43161935,129216,0.13965762753838534,201543,5493897.0,0.5133630611065807
2021-11-25,2093445,1843875,32748,13284131,30014499,27937,12544,114,101068,35627,43298630,136695,0.20437470280551592,216822,5496663.0,0.5136215228555033
2021-11-26,2113827,1856983,32866,13384086,30043867,20382,13108,118,99955,29368,43427953,129323,0.15760537568723273,223978,5505909.0,0.5144854915216417
2021-11-27,2126355,1862740,32961,13458530,30051767,12528,5757,95,74444,7900,43510297,82344,0.1521422325852521,230654,5501383.0,0.5140625711038457
2021-11-28,2135662,1868560,33081,13508423,30062042,9307,5820,120,49893,10275,43570465,60168,0.15468355271905332,234021,5496900.0,0.513643668710346
2021-11-29,2153279,1890822,33189,13595577,30110207,17617,22262,108,87154,48165,43705784,135319,0.1301886653019901,229268,5502969.0,0.5142107707906827
2021-11-30,2175303,1909956,33309,13709676,30138074,22024,19134,120,114099,27867,43847750,141966,0.1551357367256949,232038,5517821.0,0.5155985776941531
2021-12-01,2196456,1918376,33449,13810312,30163498,21153,8420,140,100636,25424,43973810,126060,0.16780104712041885,244631,5541895.0,0.5178481106455498
2021-12-02,2215079,1938763,33574,13911565,30194247,18623,20387,125,101253,30749,44105812,132002,0.1410811957394585,242742,5569908.0,0.5204657133109764
2021-12-03,2232764,1959230,33693,14011478,30219324,17685,20467,119,99913,25077,44230802,124990,0.14149131930554446,239841,5606954.0,0.5239273814059104
2021-12-04,2243746,1968356,33802,14083351,30226696,10982,9126,109,71873,7372,44310047,79245,0.13858287589122342,241588,5617807.0,0.5249415120498213
2021-12-05,2250080,1976805,33912,14122629,30235396,6334,8449,110,39278,8700,44358025,47978,0.1320188419692359,239363,5623143.0,0.5254401208322692
2021-12-06,2265660,2003742,34035,14209891,30275552,15580,26937,123,87262,40156,44485443,127418,0.1222747178577595,227883,5648088.0,0.5277710421362732
2021-12-07,2285193,2028615,34145,14314115,30299206,19533,24873,110,104224,23654,44613321,127878,0.1527471496269882,222433,5685353.0,0.531253174122391
2021-12-08,2301402,2049394,34258,14402912,30323373,16209,20779,113,88797,24167,44726285,112964,0.1434881909280833,217750,5710961.0,0.5336460477544991
2021-12-09,2315666,2068862,34372,14490515,30352156,14264,19468,114,87603,28783,44842671,116386,0.12255769594281099,212432,5736355.0,0.5360189247075509
2021-12-10,2328066,2087923,34492,14577733,30375266,12400,19061,120,87218,23110,44952999,110328,0.11239213980131971,205651,5763743.0,0.5385781258570422
2021-12-11,2337151,2096217,34592,14640412,30382370,9085,8294,100,62679,7104,45022782,69783,0.13018930111918375,206342,5773614.0,0.5395004960391158
2021-12-12,2341280,2103870,34715,14668794,30390678,4129,7653,123,28382,8308,45059472,36690,0.11253747615153993,202695,5774977.0,0.5396278580650672
2021-12-13,2353185,2130885,34829,14751747,30427554,11905,27015,114,82953,36876,45179301,119829,0.09934990695073813,187471,5776097.0,0.5397325135816229
2021-12-14,2369892,2151572,34943,14848526,30450752,16707,20687,114,96779,23198,45299278,119977,0.13925168990723222,183377,5791909.0,0.5412100252135696
2021-12-15,2381509,2170323,35067,14924010,30474321,11617,18751,124,75484,23569,45398331,99053,0.11728064773404137,176119,5802222.0,0.5421736969477126
2021-12-16,2391008,2187448,35164,15002497,30504149,9499,17125,97,78487,29828,45506646,108315,0.08769791810921848,168396,5810579.0,0.5429545952975847
2021-12-17,2399970,2203885,35252,15079421,30528755,8962,16437,88,76924,24606,45608176,101530,0.08826947700187136,160833,5822860.0,0.5441021617251042
2021-12-18,2405955,2210999,35355,15129202,30538939,5985,7114,103,49781,10184,45668141,59965,0.0998082214625198,159601,5823543.0,0.5441659829017181
2021-12-19,2409699,2217402,35423,15158926,30549035,3744,6403,68,29724,10096,45707961,39820,0.09402310396785535,156874,5819324.0,0.5437717493085494
2021-12-20,2418298,2239751,35502,15232318,30582391,8599,22349,79,73392,33356,45814709,106748,0.08055420242065425,143045,5819617.0,0.5437991279392198
2021-12-21,2430143,2256272,35583,15314879,30604329,11845,16521,81,82561,21938,45919208,104499,0.11335036698915779,138288,5817608.0,0.5436114021063978
2021-12-22,2437839,2271040,35667,15393635,30624503,7696,14768,84,78756,20174,46018138,98930,0.07779237844940867,131132,5801758.0,0.5421303396622823
2021-12-23,2445199,2283522,35725,15483003,30640808,7360,12482,58,89368,16305,46123811,105673,0.06964882231033472,125952,5744296.0,0.5367609510084166
2021-12-24,2447244,2295762,35803,15503769,30645364,2045,12240,78,20766,4556,46149133,25322,0.08075981360082142,115679,5658525.0,0.5287463007311777
2021-12-25,2448334,2301143,35871,15517386,30650787,1090,5381,68,13617,5423,46168173,19040,0.05724789915966386,111320,5479867.0,0.5120520638768683
2021-12-26,2450349,2306070,35955,15538447,30660597,2015,4927,84,21061,9810,46199044,30871,0.06527161413624437,108324,5454279.0,0.5096610590932702
2021-12-27,2457211,2324313,36006,15594291,30684999,6862,18243,51,55844,24402,46279290,80246,0.08551205044488198,96892,5569458.0,0.520423664219503
2021-12-28,2466289,2337295,36078,15653719,30702628,9078,12982,72,59428,17629,46356347,77057,0.1178088947143024,92916,5546671.0,0.5182943916697199
2021-12-29,2472448,2347829,36153,15697769,30720173,6159,10534,75,44050,17545,46417942,61595,0.09999188245799172,88466,5516063.0,0.5154343059101306
2021-12-30,2478204,2356598,36211,15737349,30736726,5756,8769,58,39580,16553,46474075,56133,0.10254217661625069,85395,5474441.0,0.5115450452761257
2021-12-31,2483201,2365237,36266,15772857,30745136,4997,8639,55,35508,8410,46517993,43918,0.11378022678628352,81698,5394668.0,0.5040908626670132
2022-01-01,2484294,2369601,36312,15781562,30749345,1093,4364,46,8705,4209,46530907,12914,0.08463682824841258,78381,5361061.0,0.5009505430733606
2022-01-02,2486225,2373524,36363,15801157,30760895,1931,3923,51,19595,11550,46562052,31145,0.062000321078824853,76338,5351998.0,0.500103674371088
2022-01-03,2495583,2386416,36424,15874605,30801658,9358,12892,61,73448,40763,46676263,114211,0.08193606570295331,72743,5388414.0,0.5035064737379596
2022-01-04,2505762,2394904,36485,15946144,30827160,10179,8488,61,71539,25502,46773304,97041,0.10489380777197267,74373,5438291.0,0.5081671015944361
2022-01-05,2513150,2402551,36524,15999727,30849882,7388,7647,39,53583,22722,46849609,76305,0.09682196448463404,74075,5442270.0,0.5085389090054857
2022-01-06,2519790,2407649,36582,16056992,30873407,6640,5098,58,57265,23525,46930399,80790,0.08218838965218468,75559,5461349.0,0.5103216970415287
2022-01-07,2526462,2408576,36627,16125320,30890522,6672,927,45,68328,17115,47015842,85443,0.07808714581650925,81259,5486989.0,0.5127175608312526
2022-01-08,2530425,2410269,36670,16165691,30898121,3963,1693,43,40371,7599,47063812,47970,0.08261413383364603,83486,5487904.0,0.5128030606505817
2022-01-09,2533189,2413606,36693,16189551,30906522,2764,3337,23,23860,8401,47096073,32261,0.08567620346548464,82890,5482163.0,0.5122666076858077
2022-01-10,2540544,2423686,36737,16261209,30943165,7355,10080,44,71658,36643,47204374,108301,0.06791257698451537,80121,5482371.0,0.512286043710311
2022-01-11,2552920,2430414,36775,16339268,30965515,12376,6728,38,78059,22350,47304783,100409,0.12325588343674372,85731,5488936.0,0.5128994932336938
2022-01-12,2564386,2435875,36816,16404642,30986006,11466,5461,41,65374,20491,47390648,85865,0.1335352006056018,91695,5491977.0,0.5131836516496279
2022-01-13,2576078,2441446,36848,16474718,31009842,11692,5571,32,70076,23836,47484560,93912,0.12449953147627567,97784,5498825.0,0.5138235453794262
2022-01-14,2589302,2444686,36880,16556407,31028880,13224,3240,32,81689,19038,47585287,100727,0.1312855540222582,107736,5504472.0,0.5143512147562036
2022-01-15,2598595,2445722,36905,16617722,31034801,9293,1036,25,61315,5921,47652523,67236,0.13821464691534296,115968,5493880.0,0.5133614725853473
2022-01-16,2605841,2450156,36935,16652116,31042619,7246,4434,30,34394,7818,47694735,42212,0.17165734862124515,118750,5478462.0,0.5119207772690461
2022-01-17,2626146,2462257,36961,16744287,31105780,20305,12101,26,92171,63161,47850067,155332,0.13072000618031057,126928,5451928.0,0.5094413759509285
2022-01-18,2654647,2470312,36986,16853993,31137408,28501,8055,25,109706,31628,47991401,141334,0.20165706765534125,147349,5425287.0,0.5069519762932829
2022-01-19,2680661,2477013,37013,16956627,31157569,26014,6701,27,102634,20161,48114196,122795,0.21184901665377254,166635,5396957.0,0.5043047523789741
2022-01-20,2707599,2483805,37032,17062758,31198559,26938,6792,19,106131,40990,48261317,147121,0.18310098490358276,186762,5370082.0,0.5017934871937623
2022-01-21,2734209,2501745,37053,17186554,31227634,26610,17940,21,123796,29075,48414188,152871,0.17406833212316267,195411,5351492.0,0.500056392503787
2022-01-22,2752562,2514735,37075,17273510,31235478,18353,12990,22,86956,7844,48508988,94800,0.19359704641350212,200752,5329191.0,0.4979725329727951
2022-01-23,2765459,2530817,37093,17325691,31243930,12897,16082,18,52181,8452,48569621,60633,0.2127059522042452,197549,5309915.0,0.49617133677892933
2022-01-24,2795845,2554811,37115,17445687,31303565,30386,23994,22,119996,59635,48749252,179631,0.16915788477489965,203919,5275563.0,0.4929614025782821
2022-01-25,2835478,2562216,37129,17592898,31333577,39633,7405,14,147211,30012,48926475,177223,0.22363350129497864,236133,5241051.0,0.48973651758955544
2022-01-26,2890169,2571252,37148,17737869,31354753,54691,9036,19,144971,21176,49092622,166147,0.3291723594166612,281769,5205938.0,0.48645547370310555
2022-01-27,2924975,2602789,37174,17876178,31395144,34806,31537,26,138309,40391,49271322,178700,0.19477336317851146,285012,5197109.0,0.48563047052839914
2022-01-28,2972239,2627528,37194,18032726,31424287,47264,24739,20,156548,29143,49457013,185691,0.2545303757317264,307517,5188254.0,0.48480303785062984
2022-01-29,2990520,2652368,37220,18136562,31430735,18281,24840,26,103836,6448,49567297,110284,0.1657629393203003,300932,5176365.0,0.4836921008539049
2022-01-30,3014454,2678340,37248,18199173,31439012,23934,25972,28,62611,8277,49638185,70888,0.33763119286762217,298866,5161548.0,0.48230756443532696
2022-01-31,3044001,2705228,37282,18317837,31494450,29547,26888,34,118664,55438,49812287,174102,0.16971085915153186,301491,5130784.0,0.47943290165736024
2022-02-01,3101233,2719513,37325,18474213,31522671,57232,14285,43,156376,28221,49996884,184597,0.31003754123848165,344395,5092726.0,0.4758766698278239
2022-02-02,3144559,2736718,37364,18609813,31541603,43326,17205,39,135600,18932,50151416,154532,0.2803691144876142,370477,5051476.0,0.47202216977610356
2022-02-03,3182241,2790534,37401,18743321,31576653,37682,53816,37,133508,35050,50319974,168558,0.22355509676194543,354306,5006052.0,0.4677776410403618
2022-02-04,3210940,2835515,37452,18864171,31602241,28699,44981,51,120850,25588,50466412,146438,0.19598055149619634,337973,4967500.0,0.4641752486526303
2022-02-05,3234941,2875568,37497,18936963,31608040,24001,40053,45,72792,5799,50545003,78591,0.30539120255499996,321876,4948744.0,0.46242264252002263
2022-02-06,3244009,2915137,37540,18976539,31615033,9068,39569,43,39576,6993,50591572,46569,0.19472181064656746,291332,4931257.0,0.46078861482536965
2022-02-07,3273619,2952095,37596,19078329,31659784,29610,36958,56,101790,44751,50738113,146541,0.20205949188281777,283928,4877718.0,0.4557858008067258
2022-02-08,3311259,2968514,37642,19189515,31681199,37640,16419,46,111186,21415,50870714,132601,0.28385909608524823,305103,4826219.0,0.45097360933609437
2022-02-09,3340318,2986523,37660,19272419,31695095,29059,18009,18,82904,13896,50967514,96800,0.30019628099173556,316135,4770203.0,0.4457393384294963
