date,positive_total,recovered_total,deceased_total,tested_pcr_total,tested_ag_total,positive_daily,recovered_daily,deceased_daily,tested_pcr_daily,tested_ag_daily,tested_total,tested_daily,positive_ratio,active,vaxs_active,vaxs_active_prcs
2021-11-18,1961684,1772885,31993,12705044,29747519,13518,8189,120,64363,52238,42452563,116601,0.115933825610415,156806,5464080.0,0.510576888305559
2021-11-19,1984656,1782062,32106,12796709,29813877,22972,9177,113,91665,66358,42610586,158023,0.1453712434265898,170488,5479784.0,0.5120443081555521
2021-11-20,1999071,1785711,32202,12862537,29847231,14415,3649,96,65828,33354,42709768,99182,0.14533887197273698,181158,5478211.0,0.5118973232202465
2021-11-21,2007349,1789448,32315,12898652,29873218,8278,3737,113,36115,25987,42771870,62102,0.13329683424044314,185586,5474832.0,0.5115815812644947
2021-11-22,2021867,1805368,32426,12976812,29921127,14518,15920,111,78160,47909,42897939,126069,0.1151591588733154,184073,5478095.0,0.5118864838988889
2021-11-23,2047779,1818529,32541,13081588,29951131,25912,13161,115,104776,30004,43032719,134780,0.19225404362665083,196709,5484646.0,0.5124986252283149
2021-11-24,2065826,1831143,32634,13183063,29978872,18047,12614,93,101475,27741,43161935,129216,0.13966536651807826,202049,5492392.0,0.5132224302562088
2021-11-25,2093763,1843686,32748,13284131,30014499,27937,12543,114,101068,35627,43298630,136695,0.20437470280551592,217329,5495165.0,0.5134815461021099
2021-11-26,2114146,1856793,32866,13384086,30043867,20383,13107,118,99955,29368,43427953,129323,0.1576131082638046,224487,5504415.0,0.5143458885379503
2021-11-27,2126674,1862550,32961,13458530,30051767,12528,5757,95,74444,7900,43510297,82344,0.1521422325852521,231163,5499884.0,0.5139225009080268
2021-11-28,2135981,1868370,33081,13508423,30062042,9307,5820,120,49893,10275,43570465,60168,0.15468355271905332,234530,5495407.0,0.5135041591690801
2021-11-29,2153598,1890631,33189,13595577,30110207,17617,22261,108,87154,48165,43705784,135319,0.1301886653019901,229778,5501478.0,0.5140714481342677
2021-11-30,2175622,1909763,33309,13709676,30138074,22024,19132,120,114099,27867,43847750,141966,0.1551357367256949,232550,5516338.0,0.5154600025771421
2021-12-01,2196776,1918182,33449,13810312,30163498,21154,8419,140,100636,25424,43973810,126060,0.16780897985086468,245145,5540410.0,0.5177093486436879
2021-12-02,2215400,1938568,33574,13911565,30194247,18624,20386,125,101253,30749,44105812,132002,0.1410887713822518,243258,5568422.0,0.5203268578666889
2021-12-03,2233085,1959034,33693,14011478,30219324,17685,20466,119,99913,25077,44230802,124990,0.14149131930554446,240358,5605476.0,0.523789273501027
2021-12-04,2244067,1968161,33802,14083351,30226696,10982,9127,109,71873,7372,44310047,79245,0.13858287589122342,242104,5616338.0,0.5248042451267673
2021-12-05,2250402,1976610,33912,14122629,30235396,6335,8449,110,39278,8700,44358025,47978,0.1320396848555588,239880,5621681.0,0.5253035080061937
2021-12-06,2265982,2003547,34035,14209891,30275552,15580,26937,123,87262,40156,44485443,127418,0.1222747178577595,228400,5646645.0,0.5276362047162821
2021-12-07,2285517,2028421,34145,14314115,30299206,19535,24874,110,104224,23654,44613321,127878,0.15276278953377437,222951,5683917.0,0.5311189907993784
2021-12-08,2301726,2049201,34258,14402912,30323373,16209,20780,113,88797,24167,44726285,112964,0.1434881909280833,218267,5709535.0,0.5335127988557414
2021-12-09,2315991,2068668,34372,14490515,30352156,14265,19467,114,87603,28783,44842671,116386,0.12256628804151702,212951,5734939.0,0.5358866102330482
2021-12-10,2328391,2087729,34492,14577733,30375266,12400,19061,120,87218,23110,44952999,110328,0.11239213980131971,206170,5762329.0,0.5384459982673906
2021-12-11,2337477,2096023,34592,14640412,30382370,9086,8294,100,62679,7104,45022782,69783,0.13020363125689638,206862,5772201.0,0.5393684618918896
2021-12-12,2341606,2103676,34715,14668794,30390678,4129,7653,123,28382,8308,45059472,36690,0.11253747615153993,203215,5773568.0,0.5394961976875429
2021-12-13,2353511,2130689,34829,14751747,30427554,11905,27013,114,82953,36876,45179301,119829,0.09934990695073813,187993,5774701.0,0.5396020679556301
2021-12-14,2370218,2151377,34943,14848526,30450752,16707,20688,114,96779,23198,45299278,119977,0.13925168990723222,183898,5790522.0,0.5410804205694064
2021-12-15,2381836,2170128,35067,14924010,30474321,11618,18751,124,75484,23569,45398331,99053,0.11729074333942435,176641,5800861.0,0.5420465218066122
2021-12-16,2391335,2187253,35164,15002497,30504149,9499,17125,97,78487,29828,45506646,108315,0.08769791810921848,168918,5809248.0,0.5428302234292491
2021-12-17,2400297,2203689,35253,15079421,30528755,8962,16436,89,76924,24606,45608176,101530,0.08826947700187136,161355,5821557.0,0.5439804062446826
2021-12-18,2406282,2210803,35356,15129202,30538939,5985,7114,103,49781,10184,45668141,59965,0.0998082214625198,160123,5822249.0,0.5440450684031259
2021-12-19,2410026,2217207,35424,15158926,30549035,3744,6404,68,29724,10096,45707961,39820,0.09402310396785535,157395,5818054.0,0.5436530774281692
2021-12-20,2418626,2239556,35503,15232318,30582391,8600,22349,79,73392,33356,45814709,106748,0.08056357027766328,143567,5818826.0,0.5437252149806523
2021-12-21,2430472,2256080,35584,15314879,30604329,11846,16524,81,82561,21938,45919208,104499,0.1133599364587221,138808,5817305.0,0.5435830890514725
2021-12-22,2438168,2270848,35668,15393635,30624503,7696,14768,84,78756,20174,46018138,98930,0.07779237844940867,131652,5801946.0,0.5421479068382755
2021-12-23,2445529,2283330,35726,15483003,30640808,7361,12482,58,89368,16305,46123811,105673,0.06965828546553993,126473,5745507.0,0.5368741097856926
2021-12-24,2447574,2295570,35804,15503769,30645364,2045,12240,78,20766,4556,46149133,25322,0.08075981360082142,116200,5660298.0,0.5289119741515825
2021-12-25,2448664,2300952,35872,15517386,30650787,1090,5382,68,13617,5423,46168173,19040,0.05724789915966386,111840,5481746.0,0.5122276421943758
2021-12-26,2450679,2305879,35956,15538447,30660597,2015,4927,84,21061,9810,46199044,30871,0.06527161413624437,108844,5456248.0,0.5098450472290723
2021-12-27,2457542,2324121,36007,15594291,30684999,6863,18242,51,55844,24402,46279290,80246,0.08552451212521496,97414,5572217.0,0.5206814718714472
2021-12-28,2466619,2337102,36079,15653719,30702628,9077,12981,72,59428,17629,46356347,77057,0.11779591730796683,93438,5549555.0,0.5185638796248511
2021-12-29,2472779,2347636,36154,15697769,30720173,6160,10534,75,44050,17545,46417942,61595,0.10000811754200828,88989,5520000.0,0.5158021887393094
2021-12-30,2478535,2356406,36212,15737349,30736726,5756,8770,58,39580,16553,46474075,56133,0.10254217661625069,85917,5479601.0,0.5120272081916863
2021-12-31,2483533,2365045,36267,15772857,30745136,4998,8639,55,35508,8410,46517993,43918,0.11380299649346509,82221,5401741.0,0.5047517809425481
2022-01-01,2484626,2369408,36313,15781562,30749345,1093,4363,46,8705,4209,46530907,12914,0.08463682824841258,78905,5368251.0,0.5016223941126786
2022-01-02,2486557,2373330,36364,15801157,30760895,1931,3922,51,19595,11550,46562052,31145,0.062000321078824853,76863,5359229.0,0.5007793565498515
2022-01-03,2495914,2386222,36425,15874605,30801658,9357,12892,61,73448,40763,46676263,114211,0.0819273099788987,73267,5397295.0,0.5043363359187918
2022-01-04,2506094,2394710,36486,15946144,30827160,10180,8488,61,71539,25502,46773304,97041,0.10490411269463423,74898,5449173.0,0.5091839420686863
2022-01-05,2513482,2402355,36525,15999727,30849882,7388,7645,39,53583,22722,46849609,76305,0.09682196448463404,74602,5455749.0,0.5097984194587497
2022-01-06,2520123,2407453,36583,16056992,30873407,6641,5098,58,57265,23525,46930399,80790,0.0822007674217106,76087,5477163.0,0.5117993955583264
2022-01-07,2526796,2408380,36628,16125320,30890522,6673,927,45,68328,17115,47015842,85443,0.0780988495254146,81788,5506695.0,0.5145589372680818
2022-01-08,2530759,2410073,36671,16165691,30898121,3963,1693,43,40371,7599,47063812,47970,0.08261413383364603,84015,5508023.0,0.5146830288091407
2022-01-09,2533523,2413410,36694,16189551,30906522,2764,3337,23,23860,8401,47096073,32261,0.08567620346548464,83419,5502492.0,0.514166198753721
2022-01-10,2540881,2423490,36738,16261209,30943165,7358,10080,44,71658,36643,47204374,108301,0.06794027755976399,80653,5505370.0,0.5144351260542992
2022-01-11,2553259,2430228,36776,16339268,30965515,12378,6738,38,78059,22350,47304783,100409,0.12327580196994294,86255,5515342.0,0.5153669339213478
2022-01-12,2564726,2435698,36817,16404642,30986029,11467,5470,41,65374,20514,47390671,85888,0.13351108420268257,92211,5522741.0,0.5160583144275946
2022-01-13,2576419,2441277,36849,16474719,31009882,11693,5579,32,70077,23853,47484601,93930,0.12448631959970191,98293,5534357.0,0.517143741642159
2022-01-14,2589645,2444524,36882,16556409,31028939,13226,3247,33,81690,19057,47585348,100747,0.13127934330550786,108239,5545038.0,0.5181418001888846
2022-01-15,2598938,2445563,36907,16617724,31034869,9293,1039,25,61315,5930,47652593,67245,0.13819614841252137,116468,5535489.0,0.5172495184678209
2022-01-16,2606184,2449998,36937,16652118,31042693,7246,4435,30,34394,7824,47694811,42218,0.1716329527689611,119249,5520624.0,0.515860496812819
2022-01-17,2626491,2462098,36964,16744292,31106070,20307,12100,27,92174,63377,47850362,155551,0.130548823215537,127429,5501274.0,0.5140523858794666
2022-01-18,2654993,2470156,36989,16853999,31137884,28502,8058,25,109707,31814,47991883,141521,0.20139767243024004,147848,5485596.0,0.5125873955325363
2022-01-19,2681012,2476858,37016,16956634,31158116,26019,6702,27,102635,20232,48114750,122867,0.21176556764631674,167138,5472294.0,0.5113444243885852
2022-01-20,2707951,2483592,37035,17062766,31199265,26939,6734,19,106132,41149,48262031,147281,0.1829088612923595,187324,5462586.0,0.5104372853218676
2022-01-21,2734570,2501463,37056,17186566,31228428,26619,17871,21,123800,29163,48414994,152963,0.17402247602361356,196051,5462393.0,0.5104192509337468
2022-01-22,2752926,2514413,37078,17273529,31236290,18356,12950,22,86963,7862,48509819,94825,0.193577643026628,201435,5443317.0,0.5086367432249803
2022-01-23,2765827,2530476,37096,17325716,31244756,12901,16063,18,52187,8466,48570472,60653,0.2127017624849554,198255,5425532.0,0.5069748696875295
2022-01-24,2796219,2554416,37118,17445728,31304773,30392,23940,22,120012,60017,48750501,180029,0.1688172461103489,204685,5410598.0,0.5055794005051685
2022-01-25,2835852,2561733,37132,17592943,31334999,39633,7317,14,147215,30226,48927942,177441,0.22335875023247165,236987,5398507.0,0.5044495881384933
2022-01-26,2890549,2570679,37152,17737917,31356281,54697,8946,20,144974,21282,49094198,166256,0.32899263785968624,282718,5389733.0,0.5036297242971891
2022-01-27,2925362,2602218,37179,17876233,31396879,34813,31539,27,138316,40598,49273112,178914,0.19457951865141912,285965,5384401.0,0.5031314892844432
2022-01-28,2972630,2626959,37199,18032790,31426189,47268,24741,20,156557,29310,49458979,185867,0.25431087820861153,308472,5394447.0,0.5040702118909784
2022-01-29,2990913,2651800,37225,18136630,31432666,18283,24841,26,103840,6477,49569296,110317,0.16573148290834594,301888,5385379.0,0.5032228759765784
2022-01-30,3014854,2677774,37253,18199242,31440963,23941,25974,28,62612,8297,49640205,70909,0.337629920038359,299827,5373101.0,0.5020755898763355
2022-01-31,3044406,2704666,37287,18317962,31497103,29552,26892,34,118720,56140,49815065,174860,0.16900377444812995,302453,5362449.0,0.5010802411599494
2022-02-01,3101641,2718946,37330,18474354,31525645,57235,14280,43,156392,28542,49999999,184934,0.30948879059556383,345365,5349940.0,0.4999113698594168
2022-02-02,3144969,2736143,37370,18609958,31544884,43328,17197,40,135604,19239,50154842,154843,0.27981891335094256,371456,5338899.0,0.49887967203951267
2022-02-03,3182652,2789947,37407,18743470,31580636,37683,53804,37,133512,35752,50324106,169264,0.2226285565743454,355298,5322983.0,0.4973924423953143
2022-02-04,3211354,2834901,37461,18864349,31606612,28702,44954,54,120879,25976,50470961,146855,0.19544448605767595,338992,5313331.0,0.4964905361044245
2022-02-05,3235355,2874927,37509,18937143,31612517,24001,40026,48,72794,5905,50549660,78699,0.3049721089213332,322919,5298774.0,0.49513029471647557
2022-02-06,3244424,2914485,37553,18976720,31619671,9069,39558,44,39577,7154,50596391,46731,0.19406817744109905,292386,5283545.0,0.49370726001859316
2022-02-07,3274038,2951418,37613,19078519,31666930,29614,36933,60,101799,47259,50745449,149058,0.1986743415314844,285007,5251423.0,0.49070570242680256
2022-02-08,3311687,2967800,37664,19191478,31689958,37649,16382,51,112959,23028,50881436,135987,0.27685734665813644,306223,5227880.0,0.4885057874033443
2022-02-09,3340739,2985841,37709,19279596,31705750,29052,18041,45,88118,15792,50985346,103910,0.27958810509094406,317189,5201154.0,0.4860084451395315
2022-02-10,3363405,3042930,37763,19364361,31736684,22666,57089,54,84765,30934,51101045,115699,0.1959048911399407,282712,5178297.0,0.4838726316199637
2022-02-11,3385538,3089074,37821,19446270,31758729,22133,46144,58,81909,22045,51204999,103954,0.2129114800777267,258643,5158525.0,0.48202508798305177
2022-02-12,3396491,3125592,37881,19492126,31763096,10953,36518,60,45856,4367,51255222,50223,0.2180873305059435,233018,5146996.0,0.4809477902595055
2022-02-13,3403685,3159526,37935,19519240,31769403,7194,33934,54,27114,6307,51288643,33421,0.2152538822895784,206224,5134142.0,0.4797466813221767
2022-02-14,3423153,3187552,37980,19595685,31809944,19468,28026,45,76445,40541,51405629,116986,0.16641307506881164,197621,5106506.0,0.47716430645116226
2022-02-15,3451378,3199386,38024,19679376,31830078,28225,11834,44,83691,20134,51509454,103825,0.27185167348904404,213968,5089197.0,0.4755469115082476
2022-02-16,3468364,3212181,38050,19733651,31842039,16986,12795,26,54275,11961,51575690,66236,0.2564466453288242,218133,5060903.0,0.4729030515212567
