date,positive_total,recovered_total,deceased_total,tested_pcr_total,tested_ag_total,positive_daily,recovered_daily,deceased_daily,tested_pcr_daily,tested_ag_daily,tested_total,tested_daily,positive_ratio,active,vaxs_active,vaxs_active_prcs
2022-01-26,2891836,2569982,37238,17739419,32447991,54703,8946,22,144984,21425,50187410,166409,0.3287262107217759,284616,6771823.0,0.6327755661513037
2022-01-27,2926655,2601436,37265,17877747,32488729,34819,31454,27,138328,40738,50366476,179066,0.1944478572146583,287954,6776653.0,0.6332268930664505
2022-01-28,2973933,2626032,37288,18034306,32518277,47278,24596,23,156559,29548,50552583,186107,0.25403665633211003,310613,6782829.0,0.6338039934863154
2022-01-29,2992221,2650848,37315,18138151,32524786,18288,24816,27,103845,6509,50662937,110354,0.16572122442321982,304058,6784480.0,0.6339582669308097
2022-01-30,3016163,2676791,37344,18200765,32533117,23942,25943,29,62614,8331,50733882,70945,0.33747269011205866,302028,6785259.0,0.6340310585802713
2022-01-31,3045720,2703561,37378,18319493,32589748,29557,26770,34,118728,56631,50909241,175359,0.16855137175736631,304781,6789195.0,0.6343988479670245
2022-02-01,3102964,2717724,37422,18475887,32618712,57244,14163,44,156394,28964,51094599,185358,0.3088294004035434,347818,6793230.0,0.634775888153902
2022-02-02,3146306,2734787,37462,18611500,32638295,43342,17063,40,135613,19583,51249795,155196,0.2792726616665378,374057,6797757.0,0.6351989020141234
2022-02-03,3184000,2788482,37502,18745014,32674685,37694,53695,40,133514,36390,51419699,169904,0.22185469441567002,358016,6802255.0,0.6356192060440056
2022-02-04,3212736,2833287,37556,18865932,32701246,28736,44805,54,120918,26561,51567178,147479,0.19484808006563648,341893,6807387.0,0.6360987525716524
2022-02-05,3236745,2873254,37604,18938732,32707276,24009,39967,48,72800,6030,51646008,78830,0.3045667892934162,325887,6807998.0,0.6361558458936306
2022-02-06,3245816,2912780,37650,18978313,32714554,9071,39526,46,39581,7278,51692867,46859,0.19358074222668004,295386,6808317.0,0.6361856540273638
2022-02-07,3275446,2949583,37710,19080120,32763325,29630,36803,60,101807,48771,51843445,150578,0.19677509330712323,288153,6811537.0,0.6364865386374619
2022-02-08,3313253,2965818,37763,19193323,32786891,37807,16235,53,113203,23566,51980214,136769,0.2764296002749161,309672,6814730.0,0.6367849003020714
2022-02-09,3342306,2983730,37808,19281448,32803318,29053,17912,45,88125,16427,52084766,104552,0.2778808631111791,320768,6818106.0,0.6371003619305466
2022-02-10,3364977,3040672,37865,19366216,32835439,22671,56942,57,84768,32121,52201655,116889,0.19395323768703643,286440,6821232.0,0.637392462952648
2022-02-11,3387120,3086610,37923,19448132,32858110,22143,45938,58,81916,22671,52306242,104587,0.21171847361526766,262587,6825154.0,0.6377589441454442
2022-02-12,3398074,3123042,37987,19493992,32862701,10954,36432,64,45860,4591,52356693,50451,0.21712156349725475,237045,6825573.0,0.6377980965217271
2022-02-13,3405270,3156866,38043,19521106,32869239,7196,33824,56,27114,6538,52390345,33652,0.21383573041721146,210361,6826010.0,0.6378389308616691
2022-02-14,3424754,3184766,38091,19597564,32913341,19484,27900,48,76458,44102,52510905,120560,0.16161247511612475,201897,6828124.0,0.6380364681491681
2022-02-15,3453040,3196451,38138,19681418,32934866,28286,11685,47,83854,21525,52616284,105379,0.2684216020269693,218451,6830337.0,0.6382432562367913
2022-02-16,3470035,3209156,38191,19741283,32949001,16995,12705,53,59865,14135,52690284,74000,0.22966216216216218,222688,6832441.0,0.6384398591000354
2022-02-17,3485563,3253906,38247,19799837,32978022,15528,44750,56,58554,29021,52777859,87575,0.1773108763916643,193410,6834787.0,0.6386590750302497
2022-02-18,3499338,3283984,38306,19855682,32998737,13775,30078,59,55845,20715,52854419,76560,0.17992424242424243,177048,6837840.0,0.6389443547552897
2022-02-19,3507561,3307873,38361,19889387,33003056,8223,23889,55,33705,4319,52892443,38024,0.21625815274563434,161327,6838121.0,0.6389706120768541
2022-02-20,3511833,3330132,38410,19908156,33008521,4272,22259,49,18769,5465,52916677,24234,0.17628125773706363,143291,6838270.0,0.6389845349982531
2022-02-21,3525292,3349258,38467,19954465,33029039,13459,19126,57,46309,20518,52983504,66827,0.2014006314812875,137567,6839967.0,0.6391431067943202
2022-02-22,3539506,3357312,38526,19999033,33041921,14214,8054,59,44568,12882,53040954,57450,0.24741514360313316,143668,6841651.0,0.639300463838856
2022-02-23,3550718,3366052,38567,20036793,33053324,11212,8740,41,37760,11403,53090117,49163,0.22805768565791348,146099,6843296.0,0.6394541766287972
2022-02-24,3560757,3397607,38623,20074803,33066012,10039,31555,56,38010,12688,53140815,50698,0.19801570081660025,124527,6844930.0,0.6396068615520581
2022-02-25,3569877,3417193,38668,20111812,33076420,9120,19586,45,37009,10408,53188232,47417,0.19233608199590865,114016,6847019.0,0.6398020627789198
2022-02-26,3575469,3432760,38711,20133959,33080225,5592,15567,43,22147,3805,53214184,25952,0.2154747225647349,103998,6847180.0,0.6398171070094247
2022-02-27,3578795,3447469,38759,20148403,33084643,3326,14709,48,14444,4418,53233046,18862,0.1763333686777648,92567,6847256.0,0.6398242086337624
2022-02-28,3588961,3460837,38814,20187451,33103445,10166,13368,55,39048,18802,53290896,57850,0.17573033707865168,89310,6848232.0,0.6399154084410468
2022-03-01,3600591,3466484,38853,20221818,33115003,11630,5647,39,34367,11558,53336821,45925,0.25323897659227,95254,6849018.0,0.6399888541874869
2022-03-02,3609561,3472234,38899,20249263,33125203,8970,5750,46,27445,10200,53374466,37645,0.23827865586399255,98428,6849927.0,0.6400737933522629
2022-03-03,3617641,3489328,38944,20277296,33136244,8080,17094,45,28033,11041,53413540,39074,0.2067871218713211,89369,6850870.0,0.6401619095595059
2022-03-04,3625899,3501551,38976,20306996,33146597,8258,12223,32,29700,10353,53453593,40053,0.2061768157191721,85372,6852096.0,0.6402764699731642
2022-03-05,3630463,3512163,39008,20324553,33150003,4564,10612,32,17557,3406,53474556,20963,0.21771692982874588,79292,6852187.0,0.6402849732338844
2022-03-06,3633037,3521682,39045,20334769,33154314,2574,9519,37,10216,4311,53489083,14527,0.17718730639498864,72310,6852205.0,0.6402866551975434
2022-03-07,3643513,3530531,39082,20365041,33171026,10476,8849,37,30272,16712,53536067,46984,0.2229695215392474,73900,6852763.0,0.6403387960709702
2022-03-08,3654006,3534617,39124,20394144,33181470,10493,4086,42,29103,10444,53575614,39547,0.2653298606721117,80265,6853307.0,0.6403896287504403
2022-03-09,3663097,3539047,39155,20420953,33190922,9091,4430,31,26809,9452,53611875,36261,0.2507101293400623,84895,6853895.0,0.640444572896632
2022-03-10,3671340,3552881,39180,20447024,33201381,8243,13834,25,26071,10459,53648405,36530,0.2256501505611826,79279,6854567.0,0.6405073662065655
2022-03-11,3679697,3562318,39198,20474002,33211005,8357,9437,18,26978,9624,53685007,36602,0.2283208567837823,78181,6855477.0,0.6405923988137671
2022-03-12,3684124,3571051,39224,20490066,33214305,4427,8733,26,16064,3300,53704371,19364,0.2286201198099566,73849,6855583.0,0.6406023037108697
2022-03-13,3686878,3579080,39250,20499175,33218198,2754,8029,26,9109,3893,53717373,13002,0.21181356714351637,68548,6855601.0,0.6406039856745286
2022-03-14,3697704,3587016,39286,20529908,33228984,10826,7936,36,30733,10786,53758892,41519,0.26074809123533804,71402,6855981.0,0.6406394937962172
2022-03-15,3708420,3590483,39312,20559136,33235920,10716,3467,26,29228,6936,53795056,36164,0.29631677911735427,78625,6856418.0,0.640680328136159
2022-03-16,3716976,3594201,39341,20584842,33242517,8556,3718,29,25706,6597,53827359,32303,0.2648670402129833,83434,6856961.0,0.6407310673732035
2022-03-17,3725133,3606814,39371,20609819,33249429,8157,12613,30,24977,6912,53859248,31889,0.2557935338204396,78948,6857402.0,0.6407722754828474
2022-03-18,3733849,3616269,39392,20636114,33255803,8716,9455,21,26295,6374,53891917,32669,0.2667972695827849,78188,6858195.0,0.6408463753262659
2022-03-19,3738637,3624859,39413,20650111,33258098,4788,8590,21,13997,2295,53908209,16292,0.29388657009575253,74365,6858240.0,0.6408505802354132
2022-03-20,3740914,3632957,39436,20659096,33261190,2277,8098,23,8985,3092,53920286,12077,0.18854020038088928,68521,6858252.0,0.6408517015445192
2022-03-21,3751335,3640883,39474,20688399,33270270,10421,7926,38,29303,9080,53958669,38383,0.2715004038246098,70978,6858579.0,0.6408822572176565
2022-03-22,3761829,3644423,39493,20716707,33277001,10494,3540,19,28308,6731,53993708,35039,0.2994948485972773,77913,6858980.0,0.6409197276302805
2022-03-23,3770306,3648180,39522,20742291,33283412,8477,3757,29,25584,6411,54025703,31995,0.2649476480700109,82604,6859412.0,0.6409600947580949
2022-03-24,3777425,3661235,39550,20766822,33290130,7119,13055,28,24531,6718,54056952,31249,0.22781529008928286,76640,6859831.0,0.6409992471343777
2022-03-25,3784971,3670490,39575,20791069,33297012,7546,9255,25,24247,6882,54088081,31129,0.24241061389700921,74906,6860495.0,0.6410612929049073
2022-03-26,3788491,3679262,39602,20803285,33299256,3520,8772,27,12216,2244,54102541,14460,0.24343015214384509,69627,6860549.0,0.641066338795884
2022-03-27,3790736,3687252,39622,20811498,33301913,2245,7990,20,8213,2657,54113411,10870,0.20653173873045078,63862,6860564.0,0.6410677404322666
2022-03-28,3799546,3695552,39652,20838236,33310846,8810,8300,30,26738,8933,54149082,35671,0.2469793389588181,64342,6860825.0,0.6410921289053211
2022-03-29,3808456,3699004,39681,20865934,33317649,8910,3452,29,27698,6803,54183583,34501,0.25825338395988523,69771,6861119.0,0.6411196009784169
2022-03-30,3815850,3702557,39705,20890744,33323961,7394,3553,24,24810,6312,54214705,31122,0.23758113231797442,73588,6861484.0,0.6411537074637231
2022-03-31,3822336,3715158,39721,20914283,33330296,6486,12601,16,23539,6335,54244579,29874,0.2171118698533842,67457,6861820.0,0.6411851041186898
2022-04-01,3828313,3723873,39735,20935214,33336783,5977,8715,14,20931,6487,54271997,27418,0.21799547742359035,64705,6862317.0,0.6412315450041615
2022-04-02,3830903,3732093,39756,20945932,33338826,2590,8220,21,10718,2043,54284758,12761,0.2029621503017005,59054,6862377.0,0.6412371515496912
2022-04-03,3832560,3739182,39775,20952358,33341544,1657,7089,19,6426,2718,54293902,9144,0.18121172353455817,53603,6862406.0,0.6412398613800306
2022-04-04,3839115,3746276,39798,20975226,33349690,6555,7094,23,22868,8146,54324916,31014,0.2113561617334107,53041,6862601.0,0.6412580826530024
2022-04-05,3845817,3749057,39826,20997599,33355869,6702,2781,28,22373,6179,54353468,28552,0.2347296161389745,56934,6862758.0,0.6412727531138053
2022-04-06,3851104,3751919,39853,21017285,33361601,5287,2862,27,19686,5732,54378886,25418,0.20800220316311274,59332,6863046.0,0.6412996645323482
2022-04-07,3856084,3762849,39880,21035133,33367129,4980,10930,27,17848,5528,54402262,23376,0.21303901437371664,53355,6863345.0,0.6413276038175716
2022-04-08,3860216,3770572,39900,21052394,33372429,4132,7723,20,17261,5300,54424823,22561,0.18314791011036743,49744,6863793.0,0.641369466024194
2022-04-09,3862466,3777696,39920,21062181,33374333,2250,7124,20,9787,1904,54436514,11691,0.1924557351809084,44850,6863851.0,0.6413748856848727
2022-04-10,3863862,3783742,39934,21067745,33376808,1396,6046,14,5564,2475,54444553,8039,0.1736534394825227,40186,6863859.0,0.6413756332242767
2022-04-11,3868598,3789437,39952,21086145,33384194,4736,5695,18,18400,7386,54470339,25786,0.1836655549522997,39209,6864040.0,0.6413925463032915
2022-04-12,3872630,3791652,39961,21104233,33389764,4032,2215,9,18088,5570,54493997,23658,0.17042860765914278,41017,6864254.0,0.6414125429823477
2022-04-13,3876093,3793975,39973,21119805,33395341,3463,2323,12,15572,5577,54515146,21149,0.16374296657052342,42145,6864545.0,0.6414397347281671
2022-04-14,3879393,3802188,39985,21134615,33401129,3300,8213,12,14810,5788,54535744,20598,0.1602097290999126,37220,6864801.0,0.6414636559890942
2022-04-15,3880644,3807753,39995,21140322,33403527,1251,5565,10,5707,2398,54543849,8105,0.15434916718075262,32896,6864813.0,0.6414647772982001
2022-04-16,3881728,3812929,40007,21144711,33405469,1084,5176,12,4389,1942,54550180,6331,0.17122097614910756,28792,6864824.0,0.6414658051648806
2022-04-17,3882479,3817443,40015,21148853,33407197,751,4514,8,4142,1728,54556050,5870,0.12793867120954003,25021,0.0,0.0
2022-04-18,3883359,3821737,40031,21153205,33409457,880,4294,16,4352,2260,54562662,6612,0.13309134906231096,21591,6864831.0,0.6414664592618591
2022-04-19,3886944,3823472,40044,21167774,33417079,3585,1735,13,14569,7622,54584853,22191,0.16155198053264838,23428,6865064.0,0.6414882313469996
2022-04-20,3890379,3825153,40061,21182515,33422634,3435,1681,17,14741,5555,54605149,20296,0.16924517146235712,25165,6865393.0,0.6415189739049879
2022-04-21,3892538,3830861,40075,21193879,33427459,2159,5708,14,11364,4825,54621338,16189,0.1333621594910124,21602,6865718.0,0.6415493426932742
2022-04-22,3894649,3834561,40086,21205467,33432227,2111,3700,11,11588,4768,54637694,16356,0.12906578625580828,20002,6866302.0,0.641603913069764
2022-04-23,3895562,3837965,40095,21212367,33434297,913,3404,9,6900,2070,54646664,8970,0.10178372352285396,17502,6866363.0,0.6416096130577192
2022-04-24,3896154,3840761,40100,21216125,33436138,592,2796,5,3758,1841,54652263,5599,0.10573316663689944,15293,6866370.0,0.6416102671546978
2022-04-25,3898409,3841869,40110,21226947,33442676,2255,1108,10,10822,6538,54669623,17360,0.1298963133640553,16430,6866520.0,0.6416242835185222
2022-04-26,3900444,3842986,40114,21238721,33447277,2035,1117,4,11774,4601,54685998,16375,0.12427480916030534,17344,6866707.0,0.64164175725209
