date,positive_total,deceased_total,recovered_total,positive_daily,recovered_daily,deceased_daily,active,positive_increase,positive_increase_5d,growth_factor,ones
2020-03-01,0,0,0,,,,0,,,,1
2020-03-02,0,0,0,0.0,0.0,0.0,0,,,,1
2020-03-03,0,0,0,0.0,0.0,0.0,0,,,,1
2020-03-04,0,0,0,0.0,0.0,0.0,0,,,,1
2020-03-05,0,0,0,0.0,0.0,0.0,0,,,,1
2020-03-06,0,0,0,0.0,0.0,0.0,0,,,,1
2020-03-07,0,0,0,0.0,0.0,0.0,0,,,,1
2020-03-08,0,0,0,0.0,0.0,0.0,0,,,,1
2020-03-09,0,0,0,0.0,0.0,0.0,0,,,,1
2020-03-10,0,0,0,0.0,0.0,0.0,0,,,,1
2020-03-11,0,0,0,0.0,0.0,0.0,0,,,,1
2020-03-12,0,0,0,0.0,0.0,0.0,0,,,,1
2020-03-13,0,0,0,0.0,0.0,0.0,0,,,,1
2020-03-14,0,0,0,0.0,0.0,0.0,0,,,,1
2020-03-15,1,0,0,1.0,0.0,0.0,1,inf,,inf,1
2020-03-16,1,0,0,0.0,0.0,0.0,1,0.0,,0.0,1
2020-03-17,2,0,0,1.0,0.0,0.0,2,1.0,,inf,1
2020-03-18,3,0,0,1.0,0.0,0.0,3,0.5,,1.0,1
2020-03-19,3,0,0,0.0,0.0,0.0,3,0.0,inf,0.0,1
2020-03-20,3,0,0,0.0,0.0,0.0,3,0.0,0.3,,1
2020-03-21,9,0,0,6.0,0.0,0.0,9,2.0,0.7,inf,1
2020-03-22,11,0,0,2.0,0.0,0.0,11,0.2222222222222222,0.5444444444444445,0.3333333333333333,1
2020-03-23,16,0,0,5.0,0.0,0.0,16,0.45454545454545453,0.5353535353535352,2.5,1
2020-03-24,21,0,0,5.0,0.0,0.0,21,0.3125,0.5978535353535354,1.0,1
2020-03-25,31,0,0,10.0,0.0,0.0,31,0.47619047619047616,0.6930916305916306,2.0,1
2020-03-26,38,0,0,7.0,0.0,0.0,38,0.22580645161290322,0.3382529209142112,0.7,1
2020-03-27,43,0,0,5.0,0.0,0.0,43,0.13157894736842105,0.320124265943451,0.7142857142857143,1
2020-03-28,47,0,0,4.0,0.0,0.0,47,0.09302325581395349,0.2478198261971508,0.8,1
2020-03-29,48,0,0,1.0,0.0,0.0,48,0.02127659574468085,0.18957514534608694,0.25,1
2020-03-30,49,0,0,1.0,0.0,0.0,49,0.020833333333333332,0.09850371677465838,1.0,1
2020-03-31,50,0,0,1.0,0.0,0.0,50,0.02040816326530612,0.057424059105138966,1.0,1
2020-04-01,50,0,0,0.0,0.0,0.0,50,0.0,0.031108269631454754,0.0,1
2020-04-02,51,0,0,1.0,0.0,0.0,51,0.02,0.01650361846866406,inf,1
2020-04-03,67,0,0,16.0,0.0,0.0,67,0.3137254901960784,0.07499339735894359,16.0,1
2020-04-04,73,0,0,6.0,0.0,0.0,73,0.08955223880597014,0.08873717845347094,0.375,1
2020-04-05,81,0,0,8.0,0.0,0.0,81,0.1095890410958904,0.10657335401958781,1.3333333333333333,1
2020-04-06,88,0,1,7.0,1.0,0.0,87,0.08641975308641975,0.12385730463687175,0.875,1
2020-04-07,92,0,2,4.0,1.0,0.0,90,0.045454545454545456,0.1289482137277808,0.5714285714285714,1
2020-04-08,96,0,2,4.0,0.0,0.0,94,0.043478260869565216,0.07489876786247819,1.0,1
2020-04-09,99,0,9,3.0,7.0,0.0,90,0.03125,0.06323832010128416,0.75,1
2020-04-10,101,0,10,2.0,1.0,0.0,91,0.020202020202020204,0.045360915922510125,0.6666666666666666,1
2020-04-11,104,0,10,3.0,0.0,0.0,94,0.0297029702970297,0.03401755936463212,1.5,1
2020-04-12,107,0,10,3.0,0.0,0.0,97,0.028846153846153848,0.030695881042953795,1.0,1
2020-04-13,109,0,11,2.0,1.0,0.0,98,0.018691588785046728,0.025738546626050095,0.6666666666666666,1
2020-04-14,110,0,15,1.0,4.0,0.0,95,0.009174311926605505,0.021323409011371197,0.5,1
2020-04-15,110,0,15,0.0,0.0,0.0,95,0.0,0.017283004970967155,0.0,1
2020-04-16,112,0,16,2.0,1.0,0.0,96,0.01818181818181818,0.01497877454792485,inf,1
2020-04-17,113,0,23,1.0,7.0,0.0,90,0.008928571428571428,0.01099525806440837,0.5,1
2020-04-18,113,0,23,0.0,0.0,0.0,90,0.0,0.007256940307399024,0.0,1
2020-04-19,113,1,23,0.0,0.0,1.0,89,0.0,0.005422077922077922,,1
2020-04-20,114,1,24,1.0,1.0,0.0,89,0.008849557522123894,0.007191989426502701,inf,1
2020-04-21,115,1,26,1.0,2.0,0.0,88,0.008771929824561403,0.005310011755051345,1.0,1
2020-04-22,115,1,32,0.0,6.0,0.0,82,0.0,0.0035242974693370593,0.0,1
2020-04-23,115,1,36,0.0,4.0,0.0,78,0.0,0.0035242974693370593,,1
2020-04-24,116,1,41,1.0,5.0,0.0,74,0.008695652173913044,0.005263427904119667,inf,1
2020-04-25,116,1,44,0.0,3.0,0.0,71,0.0,0.003493516399694889,0.0,1
2020-04-26,116,1,44,0.0,0.0,0.0,71,0.0,0.0017391304347826088,,1
2020-04-27,116,1,46,0.0,2.0,0.0,69,0.0,0.0017391304347826088,,1
2020-04-28,117,1,46,1.0,0.0,0.0,70,0.008620689655172414,0.0034632683658170917,inf,1
2020-04-29,118,1,48,1.0,2.0,0.0,69,0.008547008547008548,0.003433539640436192,1.0,1
2020-04-30,119,1,55,1.0,7.0,0.0,63,0.00847457627118644,0.0051284548946734804,1.0,1
2020-05-01,124,1,56,5.0,1.0,0.0,67,0.04201680672268908,0.013531816239211297,5.0,1
2020-05-02,125,1,58,1.0,2.0,0.0,66,0.008064516129032258,0.015144719465017747,0.2,1
2020-05-03,126,1,58,1.0,0.0,0.0,67,0.008,0.015020581533983265,1.0,1
2020-05-04,129,1,59,3.0,1.0,0.0,69,0.023809523809523808,0.018073084586486318,3.0,1
2020-05-05,130,1,59,1.0,0.0,0.0,70,0.007751937984496124,0.017928556929148253,0.3333333333333333,1
2020-05-06,135,1,60,5.0,1.0,0.0,74,0.038461538461538464,0.01721750327691813,5.0,1
2020-05-07,135,1,63,0.0,3.0,0.0,71,0.0,0.015604600051111677,0.0,1
2020-05-08,136,1,63,1.0,0.0,0.0,72,0.007407407407407408,0.01548608153259316,inf,1
2020-05-09,137,2,63,1.0,0.0,1.0,72,0.007352941176470588,0.012194765005982516,1.0,1
2020-05-10,138,2,63,1.0,0.0,0.0,73,0.0072992700729927005,0.012104231423681833,1.0,1
2020-05-11,140,2,63,2.0,0.0,0.0,75,0.014492753623188406,0.00731047445601182,2.0,1
2020-05-12,143,2,63,3.0,0.0,0.0,78,0.02142857142857143,0.011596188741726108,1.5,1
2020-05-13,144,2,63,1.0,0.0,0.0,79,0.006993006993006993,0.011513308658846023,0.3333333333333333,1
2020-05-14,146,2,63,2.0,0.0,0.0,81,0.013888888888888888,0.012820498201329683,2.0,1
2020-05-15,148,2,63,2.0,0.0,0.0,83,0.0136986301369863,0.014100370214128402,1.0,1
2020-05-16,155,2,63,7.0,0.0,0.0,90,0.0472972972972973,0.02066127894895018,3.5,1
2020-05-17,158,2,63,3.0,0.0,0.0,93,0.01935483870967742,0.020246532405171384,0.42857142857142855,1
2020-05-18,187,2,65,29.0,2.0,0.0,120,0.18354430379746836,0.05555679176606365,9.666666666666666,1
2020-05-19,228,2,65,41.0,0.0,0.0,161,0.2192513368983957,0.09662928136796502,1.4137931034482758,1
2020-05-20,256,2,66,28.0,1.0,0.0,188,0.12280701754385964,0.11845095884933969,0.6829268292682927,1
2020-05-21,272,2,67,16.0,1.0,0.0,203,0.0625,0.12149149938988024,0.5714285714285714,1
2020-05-22,286,2,69,14.0,2.0,0.0,215,0.051470588235294115,0.12791464929500357,0.875,1
2020-05-23,314,2,69,28.0,0.0,0.0,243,0.0979020979020979,0.11078620811592947,2.0,1
2020-05-24,347,2,70,33.0,1.0,0.0,275,0.10509554140127389,0.08795504901650511,1.1785714285714286,1
2020-05-25,381,2,71,34.0,1.0,0.0,308,0.09798270893371758,0.08299018729447669,1.0303030303030303,1
2020-05-26,404,2,72,23.0,1.0,0.0,330,0.06036745406824147,0.08256367810812498,0.6764705882352942,1
2020-05-27,427,2,72,23.0,0.0,0.0,353,0.05693069306930693,0.08365569907492756,1.0,1
2020-05-28,438,2,74,11.0,2.0,0.0,362,0.02576112412177986,0.06922750431886396,0.4782608695652174,1
2020-05-29,448,2,76,10.0,2.0,0.0,370,0.0228310502283105,0.05277460608427127,0.9090909090909091,1
2020-05-30,457,2,76,9.0,0.0,0.0,379,0.020089285714285716,0.037195921440384895,0.9,1
2020-05-31,464,2,76,7.0,0.0,0.0,386,0.015317286652078774,0.028185887957152357,0.7777777777777778,1
2020-06-01,472,2,76,8.0,0.0,0.0,394,0.017241379310344827,0.020248025205359933,1.1428571428571428,1
2020-06-02,482,2,77,10.0,1.0,0.0,403,0.0211864406779661,0.019333088516597183,1.25,1
2020-06-03,499,2,78,17.0,1.0,0.0,419,0.035269709543568464,0.021820820379648775,1.7,1
2020-06-04,506,2,81,7.0,3.0,0.0,423,0.014028056112224449,0.020608574459236525,0.4117647058823529,1
2020-06-05,514,2,83,8.0,2.0,0.0,429,0.015810276679841896,0.020707172464789148,1.1428571428571428,1
2020-06-06,521,2,83,7.0,0.0,0.0,436,0.013618677042801557,0.019982632011280494,0.875,1
2020-06-07,527,2,83,6.0,0.0,0.0,442,0.011516314779270634,0.0180486068315414,0.8571428571428571,1
2020-06-08,577,2,84,50.0,1.0,0.0,491,0.09487666034155598,0.029969996991138902,8.333333333333334,1
2020-06-09,595,2,85,18.0,1.0,0.0,508,0.03119584055459272,0.03340355387961255,0.36,1
2020-06-10,602,2,92,7.0,7.0,0.0,508,0.011764705882352941,0.03259443972011476,0.3888888888888889,1
2020-06-11,621,2,97,19.0,5.0,0.0,522,0.03156146179401993,0.03618299667035844,2.7142857142857144,1
2020-06-12,634,3,100,13.0,3.0,1.0,531,0.020933977455716585,0.03806652920564763,0.6842105263157895,1
2020-06-13,640,3,101,6.0,1.0,0.0,536,0.00946372239747634,0.020983941616831706,0.46153846153846156,1
2020-06-14,644,4,101,4.0,0.0,1.0,539,0.00625,0.01599477350591316,0.6666666666666666,1
2020-06-15,651,4,102,7.0,1.0,0.0,545,0.010869565217391304,0.015815745372920832,1.75,1
2020-06-16,663,5,108,12.0,6.0,1.0,550,0.018433179723502304,0.013190088958817306,1.7142857142857142,1
2020-06-17,688,5,113,25.0,5.0,0.0,570,0.03770739064856712,0.016544771597387414,2.0833333333333335,1
2020-06-18,707,5,117,19.0,4.0,0.0,585,0.027616279069767442,0.020175282931845635,0.76,1
2020-06-19,740,5,134,33.0,17.0,0.0,601,0.04667609618104668,0.02826050216805497,1.736842105263158,1
2020-06-20,760,5,135,20.0,1.0,0.0,620,0.02702702702702703,0.031491994529982116,0.6060606060606061,1
2020-06-21,776,5,136,16.0,1.0,0.0,635,0.021052631578947368,0.03201588490107113,0.8,1
2020-06-22,789,5,137,13.0,1.0,0.0,647,0.01675257731958763,0.02782492223527523,0.8125,1
2020-06-23,811,5,143,22.0,6.0,0.0,663,0.02788339670468948,0.027878345762259636,1.6923076923076923,1
2020-06-24,843,5,150,32.0,7.0,0.0,688,0.03945745992601726,0.026434618511253748,1.4545454545454546,1
2020-06-25,877,5,156,34.0,6.0,0.0,716,0.04033214709371293,0.029095642524590938,1.0625,1
2020-06-26,915,5,169,38.0,13.0,0.0,741,0.043329532497149374,0.033551022708231334,1.1176470588235294,1
2020-06-27,994,5,173,79.0,4.0,0.0,816,0.08633879781420765,0.04746826680715534,2.0789473684210527,1
2020-06-28,1095,5,173,101.0,0.0,0.0,917,0.10160965794768612,0.062213519055754674,1.2784810126582278,1
2020-06-29,1273,5,177,178.0,4.0,0.0,1091,0.16255707762557078,0.08683344259566536,1.7623762376237624,1
2020-06-30,1347,5,181,74.0,4.0,0.0,1161,0.05813040062843677,0.09039309330261014,0.4157303370786517,1
2020-07-01,1396,5,182,49.0,1.0,0.0,1209,0.03637713437268003,0.08900261367771627,0.6621621621621622,1
