date,positive_total,recovered_total,deceased_total,tested_pcr_total,tested_ag_total,positive_daily,recovered_daily,deceased_daily,tested_pcr_daily,tested_ag_daily,tested_total,tested_daily,positive_ratio,active
2021-10-17,1710595,1664913,30613,11164682,28212943,795,412,11,10260,24446,39377625,34706,0.022906702011179624,15069
2021-10-18,1713129,1666080,30625,11191926,28268623,2534,1167,12,27244,55680,39460549,82924,0.030558101394047563,16424
2021-10-19,1716378,1667001,30635,11225734,28306918,3249,921,10,33808,38295,39532652,72103,0.04506053839646062,18742
2021-10-20,1719657,1668040,30642,11260175,28354473,3279,1039,7,34441,47555,39614648,81996,0.03998975559783404,20975
2021-10-21,1723301,1669027,30652,11302037,28414810,3644,987,10,41862,60337,39716847,102199,0.035655926183230754,23622
2021-10-22,1727540,1669997,30666,11347431,28508061,4239,970,14,45394,93251,39855492,138645,0.030574488802336902,26877
2021-10-23,1730296,1670473,30679,11377511,28543376,2756,476,13,30080,35315,39920887,65395,0.042143894793179905,29144
2021-10-24,1732134,1671008,30699,11394668,28571499,1838,535,20,17157,28123,39966167,45280,0.040591872791519434,30427
2021-10-25,1736419,1672624,30719,11435100,28635927,4285,1616,20,40432,64428,40071027,104860,0.04086400915506389,33076
2021-10-26,1742708,1673998,30735,11496804,28689262,6289,1374,16,61704,53335,40186066,115039,0.05466841679778162,37975
2021-10-27,1748571,1675550,30757,11561084,28768030,5863,1552,22,64280,78768,40329114,143048,0.04098624238018008,42264
2021-10-28,1752927,1677105,30783,11603592,28799950,4356,1555,26,42508,31920,40403542,74428,0.05852636104691783,45039
2021-10-29,1758681,1678908,30809,11648560,28886934,5754,1803,26,44968,86984,40535494,131952,0.04360676609676246,48964
2021-10-30,1763739,1679731,30832,11686612,28919094,5058,823,23,38052,32160,40605706,70212,0.07203896769782943,53176
2021-10-31,1766526,1680693,30863,11711299,28957154,2787,962,31,24687,38060,40668453,62747,0.04441646612587056,54970
2021-11-01,1774136,1684119,30894,11775533,29006339,7610,3426,31,64234,49185,40781872,113419,0.06709634188275333,59123
2021-11-02,1784066,1687325,30929,11835707,29040025,9930,3206,35,60174,33686,40875732,93860,0.10579586618367781,65812
2021-11-03,1793540,1690845,30974,11878551,29078129,9474,3520,45,42844,38104,40956680,80948,0.11703809853239117,71721
2021-11-04,1802011,1694459,31019,11922242,29120485,8471,3614,45,43691,42356,41042727,86047,0.09844619800806537,76533
2021-11-05,1811259,1698598,31076,11972639,29186307,9248,4139,57,50397,65822,41158946,116219,0.07957390788081123,81585
2021-11-06,1817000,1700658,31126,12007749,29223047,5741,2060,50,35110,36740,41230796,71850,0.07990257480862908,85216
2021-11-07,1820009,1702962,31165,12026040,29247924,3009,2304,39,18291,24877,41273964,43168,0.06970441067457375,85882
2021-11-08,1829293,1709499,31213,12075893,29303403,9284,6537,48,49853,55479,41379296,105332,0.0881403562070406,88581
2021-11-09,1843864,1714972,31275,12145181,29342671,14571,5473,62,69288,39268,41487852,108556,0.13422565311912746,97617
2021-11-10,1857406,1721141,31350,12209329,29384245,13542,6169,75,64148,41574,41593574,105722,0.12809065284425192,104915
2021-11-11,1867842,1724141,31421,12273533,29433285,10436,3000,71,64204,49040,41706818,113244,0.09215499275899827,112280
2021-11-12,1882085,1731402,31489,12346661,29499611,14243,7261,68,73128,66326,41846272,139454,0.1021340370301318,119194
2021-11-13,1891264,1735056,31563,12392677,29534161,9179,3654,74,46016,34550,41926838,80566,0.11393143509669092,124645
2021-11-14,1896939,1738791,31625,12421041,29558349,5675,3735,62,28364,24188,41979390,52552,0.10798827827675445,126523
2021-11-15,1908484,1749129,31717,12487908,29618066,11545,10338,92,66867,59717,42105974,126584,0.09120425962206914,127638
2021-11-16,1931001,1758095,31786,12583525,29669077,22517,8966,69,95617,51011,42252602,146628,0.15356548544616308,141120
2021-11-17,1945159,1766705,31868,12645410,29692847,14158,8610,82,61885,23770,42338257,85655,0.16529099293678126,146586
2021-11-18,1958592,1775037,31988,12709713,29744260,13433,8332,120,64303,51413,42453973,115716,0.116085934529365,151567
2021-11-19,1981556,1784358,32098,12801364,29810122,22964,9321,110,91651,65862,42611486,157513,0.14579114104867535,165100
2021-11-20,1995966,1788065,32192,12867188,29843421,14410,3707,94,65824,33299,42710609,99123,0.1453749382080849,175709
2021-11-21,2004223,1791820,32303,12903280,29869357,8257,3755,111,36092,25936,42772637,62028,0.13311730186367446,180100
2021-11-22,2018722,1807854,32412,12981417,29916241,14499,16034,109,78137,46884,42897658,125021,0.11597251661720831,178456
2021-11-23,2044612,1821071,32526,13086169,29945166,25890,13217,114,104752,28925,43031335,133677,0.19367580062389192,191015
2021-11-24,2062643,1833729,32619,13187621,29972422,18031,12658,93,101452,27256,43160043,128708,0.14009230195481245,196295
2021-11-25,2090567,1846315,32730,13288680,30007291,27924,12586,111,101059,34869,43295971,135928,0.20543228768171384,211522
2021-11-26,2110928,1859552,32847,13388623,30036199,20361,13237,117,99943,28908,43424822,128851,0.1580197282132075,218529
2021-11-27,2123452,1865290,32941,13463049,30044013,12524,5738,94,74426,7814,43507062,82240,0.15228599221789882,225221
2021-11-28,2132753,1871058,33059,13512933,30054186,9301,5768,118,49884,10173,43567119,60057,0.1548695406030937,228636
2021-11-29,2150359,1893327,33163,13600003,30100768,17606,22269,104,87070,46582,43700771,133652,0.13173016490587497,223869
2021-11-30,2172351,1912429,33281,13712059,30128049,21992,19102,118,112056,27281,43840108,139337,0.1578331670697661,226641
2021-12-01,2193489,1912932,33417,13811649,30151622,21138,503,136,99590,23573,43963271,123163,0.1716262189131476,247140
2021-12-02,2212088,1913443,33529,13911263,30178770,18599,511,112,99614,27148,44090033,126762,0.14672378157491994,265116
2021-12-03,2229754,1914096,33617,14010994,30201063,17666,653,88,99731,22293,44212057,122024,0.14477479840031468,282041
2021-12-04,2240721,1914329,33665,14076070,30207211,10967,233,48,65076,6148,44283281,71224,0.1539789958440975,292727
