date,positive_total,recovered_total,deceased_total,tested_pcr_total,tested_ag_total,positive_daily,recovered_daily,deceased_daily,tested_pcr_daily,tested_ag_daily,tested_total,tested_daily,positive_ratio,active
2021-11-25,2091483,1845034,32749,13284131,30014499,27937,12546,114,101068,35627,43298630,136695,0.20437470280551592,213700
2021-11-26,2111861,1858144,32866,13384086,30043867,20378,13110,117,99955,29368,43427953,129323,0.1575744453809454,220851
2021-11-27,2124389,1863899,32961,13458530,30051767,12528,5755,95,74444,7900,43510297,82344,0.1521422325852521,227529
2021-11-28,2133694,1869718,33081,13508423,30062042,9305,5819,120,49893,10275,43570465,60168,0.15465031245844968,230895
2021-11-29,2151306,1891982,33189,13595577,30110207,17612,22264,108,87154,48165,43705784,135319,0.13015171557578759,226135
2021-11-30,2173325,1911118,33309,13709676,30138074,22019,19136,120,114099,27867,43847750,141966,0.15510051702520322,228898
2021-12-01,2194476,1919537,33449,13810312,30163498,21151,8419,140,100636,25424,43973810,126060,0.16778518165952722,241490
2021-12-02,2213092,1939917,33573,13911565,30194247,18616,20380,124,101253,30749,44105812,132002,0.14102816623990547,239602
2021-12-03,2230775,1960384,33692,14011478,30219324,17683,20467,119,99913,25077,44230802,124990,0.14147531802544203,236699
2021-12-04,2241757,1969510,33801,14083351,30226696,10982,9126,109,71873,7372,44310047,79245,0.13858287589122342,238446
2021-12-05,2248090,1977958,33911,14122629,30235396,6333,8448,110,39278,8700,44358025,47978,0.13199799908291301,236221
2021-12-06,2263657,2004894,34034,14209891,30275552,15567,26936,123,87262,40156,44485443,127418,0.12217269145646611,224729
2021-12-07,2283185,2029768,34143,14314115,30299206,19528,24874,109,104224,23654,44613321,127878,0.15270804986002284,219274
2021-12-08,2299387,2050547,34255,14402912,30323373,16202,20779,112,88797,24167,44726285,112964,0.14342622428384263,214585
2021-12-09,2313650,2070020,34368,14490515,30352156,14263,19473,113,87603,28783,44842671,116386,0.12254910384410496,209262
2021-12-10,2326049,2089085,34488,14577733,30375266,12399,19065,120,87218,23110,44952999,110328,0.11238307591907766,202476
2021-12-11,2335133,2097380,34588,14640412,30382370,9084,8295,100,62679,7104,45022782,69783,0.13017497098147113,203165
2021-12-12,2339258,2105028,34711,14668794,30390678,4125,7648,123,28382,8308,45059472,36690,0.11242845461978741,199519
2021-12-13,2351161,2132035,34825,14751747,30427554,11903,27007,114,82953,36876,45179301,119829,0.09933321650017943,184301
2021-12-14,2367864,2152695,34937,14848526,30450752,16703,20660,112,96779,23198,45299278,119977,0.13921835018378523,180232
2021-12-15,2379481,2171437,35060,14924010,30474308,11617,18742,123,75484,23556,45398318,99040,0.11729604200323102,172984
2021-12-16,2388977,2188545,35156,15002496,30504125,9496,17108,96,78486,29817,45506621,108303,0.08767993499718382,165276
2021-12-17,2397939,2204967,35244,15079418,30528670,8962,16422,88,76922,24545,45608088,101467,0.0883242827717386,157728
2021-12-18,2403923,2212075,35346,15129199,30538846,5984,7108,102,49781,10176,45668045,59957,0.09980486014977401,156502
2021-12-19,2407664,2218476,35414,15158923,30548935,3741,6401,68,29724,10089,45707858,39813,0.09396428302313314,153774
2021-12-20,2416263,2240798,35493,15232315,30582095,8599,22322,79,73392,33160,45814410,106552,0.08070238005856295,139972
2021-12-21,2428103,2257291,35574,15314874,30603971,11840,16493,81,82559,21876,45918845,104435,0.11337195384689042,135238
2021-12-22,2435795,2272218,35658,15393630,30623775,7692,14927,84,78756,19804,46017405,98560,0.07804383116883117,127919
2021-12-23,2443154,2284928,35716,15482996,30639984,7359,12710,58,89366,16209,46122980,105575,0.06970400189438787,122510
2021-12-24,2445199,2297236,35793,15503762,30644489,2045,12308,77,20766,4505,46148251,25271,0.08092279688180128,112170
2021-12-25,2446288,2302633,35860,15517378,30649892,1089,5397,67,13616,5403,46167270,19019,0.05725853094274147,107795
2021-12-26,2448302,2307571,35944,15538439,30659671,2014,4938,84,21061,9779,46198110,30840,0.06530479896238651,104787
2021-12-27,2455157,2325806,35995,15594281,30683818,6855,18235,51,55842,24147,46278099,79989,0.08569928365150208,93356
2021-12-28,2464235,2338780,36067,15653712,30701388,9078,12974,72,59431,17570,46355100,77001,0.11789457279775588,89388
2021-12-29,2470386,2349318,36141,15697760,30718578,6151,10538,74,44048,17190,46416338,61238,0.10044416865345047,84927
2021-12-30,2476138,2358069,36199,15737332,30735038,5752,8751,58,39572,16460,46472370,56032,0.1026556253569389,81870
2021-12-31,2481133,2366752,36253,15772838,30743381,4995,8683,54,35506,8343,46516219,43849,0.11391365823621975,78128
2022-01-01,2482221,2371098,36297,15781540,30747534,1088,4346,44,8702,4153,46529074,12855,0.08463632827693504,74826
2022-01-02,2484146,2374971,36347,15801129,30758993,1925,3873,50,19589,11459,46560122,31048,0.06200077299665035,72828
2022-01-03,2493485,2387807,36408,15874571,30798456,9339,12836,61,73442,39463,46673027,112905,0.08271555732695629,69270
2022-01-04,2503659,2396287,36467,15946096,30823112,10174,8480,59,71525,24656,46769208,96181,0.1057797278048679,70905
2022-01-05,2511040,2403900,36506,15999674,30844805,7381,7613,39,53578,21693,46844479,75271,0.09805901343146763,70634
2022-01-06,2517676,2409004,36562,16056937,30867281,6636,5104,56,57263,22476,46924218,79739,0.08322151017695231,72110
2022-01-07,2524342,2410022,36607,16125258,30883427,6666,1018,45,68321,16146,47008685,84467,0.07891839416576887,77713
2022-01-08,2528301,2410117,36649,16165627,30890615,3959,95,42,40369,7188,47056242,47557,0.08324747145530627,81535
2022-01-09,2531064,2410179,36671,16189478,30898872,2763,62,22,23851,8257,47088350,32108,0.08605332004484864,84214
2022-01-10,2538406,2410511,36713,16260953,30931952,7342,332,42,71475,33080,47192905,104555,0.0702214145664961,91182
2022-01-11,2550783,2410799,36747,16338972,30952536,12377,288,34,78019,20584,47291508,98603,0.12552356419175886,103237
2022-01-12,2562235,2410981,36765,16400322,30969096,11452,182,18,61350,16560,47369418,77910,0.14699011680143756,114489
