date,positive_total,recovered_total,deceased_total,tested_pcr_total,tested_ag_total,positive_daily,recovered_daily,deceased_daily,tested_pcr_daily,tested_ag_daily,tested_total,tested_daily,positive_ratio,active,vaxs_active,vaxs_active_prcs
2021-12-18,2407048,2210325,35418,15130624,31622243,5985,7115,104,49782,10204,46752867,59986,0.09977328043210082,161305,5824700.0,0.5442740957880172
2021-12-19,2410793,2216726,35488,15160349,31632348,3745,6401,70,29725,10105,46792697,39830,0.09402460456942004,158579,5820502.0,0.543881824485784
2021-12-20,2419393,2239077,35568,15233741,31666402,8600,22351,80,73392,34054,46900143,107446,0.08004020624313608,144748,5821277.0,0.5439542423655436
2021-12-21,2431239,2255606,35650,15316303,31688755,11846,16529,82,82562,22353,47005058,104915,0.1129104513177334,139983,5819741.0,0.5438107147999813
2021-12-22,2438935,2270372,35734,15395059,31709370,7696,14766,84,78756,20615,47104429,99371,0.07744714252649164,132829,5804399.0,0.5423771211080178
2021-12-23,2446297,2282854,35794,15484429,31725794,7362,12482,60,89370,16424,47210223,105794,0.06958806737622171,127649,5747943.0,0.5371017355342015
2021-12-24,2448343,2295092,35874,15505196,31730385,2046,12238,80,20767,4591,47235581,25358,0.08068459657701711,117377,5662661.0,0.5291327786030301
2021-12-25,2449433,2300474,35942,15518814,31735823,1090,5382,68,13618,5438,47254637,19056,0.05719983207388749,113017,5484086.0,0.512446297470037
2021-12-26,2451448,2305402,36027,15539875,31745637,2015,4928,85,21061,9814,47285512,30875,0.06526315789473684,110019,5458582.0,0.5100631418501805
2021-12-27,2458312,2323644,36078,15595720,31770187,6864,18242,51,55845,24550,47365907,80395,0.08537844393308042,98590,5574552.0,0.5208996599349809
2021-12-28,2467390,2336625,36151,15655150,31787991,9078,12981,73,59430,17804,47443141,77234,0.11753890773493539,94614,5551859.0,0.5187791709731945
2021-12-29,2473551,2347159,36226,15699203,31805591,6161,10534,75,44053,17600,47504794,61653,0.09993025481322888,90166,5522313.0,0.5160183210694822
2021-12-30,2479307,2355932,36284,15738784,31822195,5756,8773,58,39581,16604,47560979,56185,0.10244727240366645,87091,5481901.0,0.5122421257703277
2021-12-31,2484305,2364572,36339,15774294,31830696,4998,8640,55,35510,8501,47604990,44011,0.11356251846129377,83394,5404016.0,0.5049643624605521
2022-01-01,2485398,2368937,36385,15783008,31834934,1093,4365,46,8714,4238,47617942,12952,0.08438851142680667,80076,5370512.0,0.5018336674367257
2022-01-02,2487329,2372860,36437,15802604,31846510,1931,3923,52,19596,11576,47649114,31172,0.06194661876042602,78032,5361479.0,0.5009896020072181
2022-01-03,2496688,2385752,36497,15876052,31888449,9359,12892,60,73448,41939,47764501,115387,0.08110965706708728,74439,5399567.0,0.5045486371095192
2022-01-04,2506868,2394239,36557,15947594,31914307,10180,8487,60,71542,25858,47861901,97400,0.10451745379876796,76072,5451474.0,0.5093989530897532
2022-01-05,2514258,2401885,36597,16001183,31937170,7390,7646,40,53589,22863,47938353,76452,0.09666195782974939,75776,5458077.0,0.5100159534253049
2022-01-06,2520899,2406987,36655,16058449,31961130,6641,5102,58,57266,23960,48019579,81226,0.08175953512422131,77257,5479524.0,0.5120200131249231
2022-01-07,2527573,2407913,36701,16126777,31978371,6674,926,46,68328,17241,48105148,85569,0.07799553576645749,82959,5509120.0,0.5147855351499101
2022-01-08,2531536,2409606,36744,16167148,31985999,3963,1693,43,40371,7628,48153147,47999,0.0825642200879185,85186,5510454.0,0.5149101873455222
2022-01-09,2534300,2412943,36767,16191008,31994419,2764,3337,23,23860,8420,48185427,32280,0.08562577447335812,84590,5504931.0,0.5143941048295063
2022-01-10,2541662,2423024,36810,16262666,32031951,7362,10081,43,71658,37532,48294617,109190,0.06742375675428153,81828,5507813.0,0.5146634058997865
2022-01-11,2554040,2429763,36848,16340731,32054524,12378,6739,38,78065,22573,48395255,100638,0.12299529004948428,87429,5517803.0,0.515596895730494
2022-01-12,2565508,2435234,36889,16406105,32075144,11468,5471,41,65374,20620,48481249,85994,0.1333581412656697,93385,5525206.0,0.5162886500064429
2022-01-13,2577201,2440814,36922,16476182,32099229,11693,5580,33,70077,24085,48575411,94162,0.12417960536097364,99465,5536881.0,0.5173795903241116
2022-01-14,2590430,2444062,36955,16557874,32118411,13229,3248,33,81692,19182,48676285,100874,0.1311438031603783,109413,5547575.0,0.5183788636223685
2022-01-15,2599723,2445105,36980,16619189,32124363,9293,1043,25,61315,5952,48743552,67267,0.13815095068904515,117638,5538033.0,0.5174872359982833
2022-01-16,2606969,2449541,37009,16653583,32132209,7246,4436,29,34394,7846,48785792,42240,0.1715435606060606,120419,5523167.0,0.516098120900856
2022-01-17,2627280,2461654,37037,16745759,32196454,20311,12113,28,92176,64245,48942213,156421,0.12984829402701684,128589,5503827.0,0.5142909443917585
2022-01-18,2655784,2469719,37062,16855469,32228327,28504,8065,25,109710,31873,49083796,141583,0.2013236052350918,149003,5488147.0,0.5128257671599773
2022-01-19,2681807,2476425,37089,16958106,32248621,26023,6706,27,102637,20294,49206727,122931,0.21168785741594878,168293,5474841.0,0.5115824222463241
2022-01-20,2708748,2483169,37108,17064241,32290195,26941,6744,19,106135,41574,49354436,147709,0.1823924066915354,188471,5465138.0,0.510675750391734
2022-01-21,2735374,2501047,37129,17188042,32319448,26626,17878,21,123801,29253,49507490,153054,0.1739647444692723,197198,5464956.0,0.5106587438702936
2022-01-22,2753731,2513997,37151,17275010,32327337,18357,12950,22,86968,7889,49602347,94857,0.193522881811569,202583,5445893.0,0.5088774509130587
2022-01-23,2766633,2530060,37169,17327199,32335826,12902,16063,18,52189,8489,49663025,60678,0.21263060746893436,199404,5428109.0,0.5072156708180333
2022-01-24,2797029,2554005,37191,17447212,32396207,30396,23945,22,120013,60381,49843419,180394,0.1684978436089892,205833,5413183.0,0.5058209491750763
2022-01-25,2836669,2561325,37206,17594429,32426566,39640,7320,15,147217,30359,50020995,177576,0.22322836419335945,238138,5401101.0,0.5046919777902306
2022-01-26,2891371,2570271,37227,17739413,32447991,54702,8946,21,144984,21425,50187404,166409,0.32872020143141295,283873,5392325.0,0.5038719270640755
2022-01-27,2926189,2601725,37254,17877741,32488729,34818,31454,27,138328,40738,50366470,179066,0.1944422726815811,287210,5387010.0,0.5033752805725629
2022-01-28,2973465,2626322,37277,18034300,32518277,47276,24597,23,156559,29548,50552577,186107,0.2540259098260678,309866,5397234.0,0.5043306359308365
2022-01-29,2991752,2651138,37304,18138145,32524786,18287,24816,27,103845,6509,50662931,110354,0.1657121626764775,303310,5388181.0,0.503484701652819
2022-01-30,3015694,2677081,37332,18200759,32533117,23942,25943,28,62614,8331,50733876,70945,0.33747269011205866,301281,5375905.0,0.502337602437427
2022-01-31,3045251,2703852,37366,18319487,32589748,29557,26771,34,118728,56631,50909235,175359,0.16855137175736631,304033,5365287.0,0.5013454307635078
2022-02-01,3102494,2718015,37410,18475881,32618712,57243,14163,44,156394,28964,51094593,185358,0.30882400543812516,347069,5352834.0,0.500181792238803
2022-02-02,3145833,2735078,37450,18611494,32638295,43339,17063,40,135613,19583,51249789,155196,0.27925333127142454,373305,5341836.0,0.4991541124431952
2022-02-03,3183523,2788773,37489,18745008,32674685,37690,53695,39,133514,36390,51419693,169904,0.22183115170920048,357261,5325940.0,0.4976687516475068
2022-02-04,3212249,2833579,37543,18865926,32701246,28726,44806,54,120918,26561,51567172,147479,0.1947802738016938,341127,5316385.0,0.4967759092718901
2022-02-05,3236259,2873547,37591,18938726,32707276,24010,39968,48,72800,6030,51646002,78830,0.30457947481923126,325121,5301843.0,0.4954170695203236
2022-02-06,3245329,2913072,37637,18978307,32714554,9070,39525,46,39581,7278,51692861,46859,0.19355940160908255,294620,5286615.0,0.49399412826486666
2022-02-07,3274958,2949874,37697,19080114,32763325,29629,36802,60,101807,48771,51843439,150578,0.19676845223073755,287387,5254538.0,0.4909967755822234
2022-02-08,3312755,2966106,37750,19193317,32786891,37797,16232,53,113203,23566,51980208,136769,0.2763564842910309,308899,5231017.0,0.4887989162921261
2022-02-09,3341808,2984020,37795,19281442,32803318,29053,17914,45,88125,16427,52084760,104552,0.2778808631111791,319993,5204327.0,0.4863049379556311
2022-02-10,3364480,3040962,37852,19366210,32835439,22672,56942,57,84768,32121,52201649,116889,0.19396179281198403,285666,5181561.0,0.48417762769678346
2022-02-11,3386621,3086901,37910,19448126,32858110,22141,45939,58,81916,22671,52306236,104587,0.21169935077973362,261810,5161925.0,0.482342792229739
2022-02-12,3397575,3123333,37974,19493986,32862701,10954,36432,64,45860,4591,52356687,50451,0.21712156349725475,236268,5150402.0,0.4812660551607457
2022-02-13,3404769,3157157,38030,19521100,32869239,7194,33824,56,27114,6538,52390339,33652,0.2137762985855224,209582,5137550.0,0.4800651331082679
2022-02-14,3424247,3185059,38078,19597558,32913341,19478,27902,48,76458,44102,52510899,120560,0.16156270736562708,201110,5110018.0,0.4774924762495051
2022-02-15,3452534,3196744,38125,19681412,32934866,28287,11685,47,83854,21525,52616278,105379,0.26843109158371214,217665,5092834.0,0.4758867616097775
2022-02-16,3469529,3209443,38178,19741277,32949001,16995,12699,53,59865,14135,52690278,74000,0.22966216216216218,221908,5065105.0,0.47329569659319193
2022-02-17,3485055,3254187,38234,19799831,32978022,15526,44744,56,58554,29021,52777853,87575,0.17728803882386526,192634,5032220.0,0.4702228424307477
2022-02-18,3498830,3284255,38292,19855676,32998735,13775,30068,58,55845,20713,52854411,76558,0.1799289427623501,176283,5000086.0,0.4672201635298512
2022-02-19,3507053,3308143,38346,19889381,33003053,8223,23888,54,33705,4318,52892434,38023,0.2162638403071825,160564,4975243.0,0.4648987733532478
2022-02-20,3511325,3330404,38395,19908150,33008517,4272,22261,49,18769,5464,52916667,24233,0.17628853216687987,142526,4947247.0,0.4622827592090547
2022-02-21,3524781,3349527,38452,19954459,33029005,13456,19123,57,46309,20488,52983464,66797,0.20144617273230833,136802,4898839.0,0.45775939827563217
2022-02-22,3538990,3357574,38510,19999027,33041880,14209,8047,58,44568,12875,53040907,57443,0.2473582507877374,142906,4871069.0,0.45516450211960124
2022-02-23,3550201,3366312,38550,20036787,33053269,11211,8738,40,37760,11389,53090056,49149,0.22810230116584265,145339,4849496.0,0.45314866867437065
2022-02-24,3560234,3397864,38606,20074796,33065924,10033,31552,56,38009,12655,53140720,50664,0.198030159482078,123764,4812801.0,0.44971979887078567
2022-02-25,3569354,3417441,38651,20111804,33076310,9120,19577,45,37008,10386,53188114,47394,0.19242942144575262,113262,4779681.0,0.4466249857383498
2022-02-26,3574946,3433057,38694,20133951,33080104,5592,15616,43,22147,3794,53214055,25941,0.21556609228634208,103195,4748497.0,0.4437110771416747
2022-02-27,3578272,3447797,38742,20148395,33084503,3326,14740,48,14444,4399,53232898,18843,0.17651117125723081,91733,4738831.0,0.4428078626568279
2022-02-28,3588424,3461270,38797,20187443,33103209,10152,13473,55,39048,18706,53290652,57754,0.17578003255185787,88357,4705027.0,0.4396491349053526
2022-03-01,3600051,3467005,38835,20221788,33114680,11627,5735,38,34345,11471,53336468,45816,0.2537759734590536,94211,4688409.0,0.43809630867845595
2022-03-02,3609017,3472826,38880,20249226,33124818,8966,5821,45,27438,10138,53374044,37576,0.23860975090483288,97311,4676601.0,0.4369929405181962
2022-03-03,3617094,3489999,38924,20277258,33135587,8077,17173,44,28032,10769,53412845,38801,0.2081647380222159,88171,4646740.0,0.4342026562504526
2022-03-04,3625351,3502323,38955,20306957,33145844,8257,12324,31,29699,10257,53452801,39956,0.20665231754930424,84073,4615831.0,0.43131444432078897
2022-03-05,3629912,3512965,38986,20324513,33149224,4561,10642,31,17556,3380,53473737,20936,0.21785441345051587,77961,4583076.0,0.42825373767365926
2022-03-06,3632486,3522502,39023,20334729,33153510,2574,9537,37,10216,4286,53488239,14502,0.17749275961936284,70961,4544365.0,0.42463648794027387
2022-03-07,3642874,3531432,39059,20365000,33169650,10388,8930,36,30271,16140,53534650,46411,0.22382624808773782,72383,4510678.0,0.4214886929525816
2022-03-08,3653359,3535598,39101,20393887,33179938,10485,4166,42,28887,10288,53573825,39175,0.26764518187619657,78660,4497092.0,0.42021918415978954
2022-03-09,3662390,3540105,39131,20420529,33189266,9031,4507,30,26642,9328,53609795,35970,0.25107033639143733,83154,4487447.0,0.4193179319658782
2022-03-10,3670629,3553999,39156,20446600,33199348,8239,13894,25,26071,10082,53645948,36153,0.22789256769839294,77474,4457066.0,0.4164790576368766
2022-03-11,3678983,3563544,39173,20473578,33208622,8354,9545,17,26978,9274,53682200,36252,0.23044245834712568,76266,4425324.0,0.41351300816677455
2022-03-12,3683406,3572311,39199,20489641,33211854,4423,8767,26,16063,3232,53701495,19295,0.22923037056232184,71896,4395611.0,0.4107365533780044
2022-03-13,3686153,3580364,39225,20498627,33215640,2747,8053,26,8986,3786,53714267,12772,0.21507986219855935,66564,4366717.0,0.4080366279357157
2022-03-14,3696974,3588401,39261,20529360,33226149,10821,8037,36,30733,10509,53755509,41242,0.2623781581882547,69312,4333184.0,0.4049032230815499
2022-03-15,3707688,3591980,39284,20558586,33232896,10714,3579,23,29226,6747,53791482,35973,0.29783448697634335,76424,4322671.0,0.40392086286230783
2022-03-16,3716239,3595783,39313,20583771,33239352,8551,3803,29,25185,6456,53823123,31641,0.27025062419013307,81143,4314977.0,0.4032019168405397
2022-03-17,3724394,3608495,39341,20608701,33246028,8155,12712,28,24930,6676,53854729,31606,0.25802062899449474,76558,4288831.0,0.40075877118351466
2022-03-18,3733099,3618059,39352,20632639,33251961,8705,9564,11,23938,5933,53884600,29871,0.2914197716849118,75688,4260300.0,0.3980927653416811
