date,positive_total,recovered_total,deceased_total,tested_pcr_total,tested_ag_total,positive_daily,recovered_daily,deceased_daily,tested_pcr_daily,tested_ag_daily,tested_total,tested_daily,positive_ratio,active,vaxs_active
2021-10-19,1717050,1666625,30635,11221388,28306938,3249,921,10,33805,38295,39528326,72100,0.045062413314840497,19790,5023589.0
2021-10-20,1720328,1667664,30642,11255829,28354493,3278,1039,7,34441,47555,39610322,81996,0.03997755988096981,22022,5026076.0
2021-10-21,1723972,1668651,30652,11297691,28414830,3644,987,10,41862,60337,39712521,102199,0.035655926183230754,24669,5030997.0
2021-10-22,1728210,1669621,30666,11343080,28508081,4238,970,14,45389,93251,39851161,138640,0.030568378534333526,27923,5043724.0
2021-10-23,1730966,1670097,30679,11373156,28543396,2756,476,13,30076,35315,39916552,65391,0.04214647275618969,30190,5041843.0
2021-10-24,1732805,1670632,30700,11390310,28571519,1839,535,21,17154,28123,39961829,45277,0.04061664862954701,31473,5039895.0
2021-10-25,1737092,1672248,30720,11430738,28635947,4287,1616,20,40428,64428,40066685,104856,0.040884641794460976,34124,5056412.0
2021-10-26,1743382,1673622,30736,11492405,28689282,6290,1374,16,61667,53335,40181687,115002,0.0546947009617224,39024,5072368.0
2021-10-27,1749247,1675174,30757,11556661,28768050,5865,1552,21,64256,78768,40324711,143024,0.04100710370287504,43316,5091406.0
2021-10-28,1753604,1676728,30783,11598896,28799970,4357,1554,26,42235,31920,40398866,74155,0.05875530982401726,46093,5082314.0
2021-10-29,1759361,1678531,30809,11643848,28886954,5757,1803,26,44952,86984,40530802,131936,0.04363479262672811,50021,5100125.0
2021-10-30,1764420,1679354,30833,11681898,28919114,5059,823,24,38050,32160,40601012,70210,0.07205526278307933,54233,5101857.0
2021-10-31,1767212,1680317,30864,11706567,28957174,2792,963,31,24669,38060,40663741,62729,0.04450891931961294,56031,5104021.0
2021-11-01,1774827,1683744,30895,11770799,29006359,7615,3427,31,64232,49185,40777158,113417,0.0671416101642611,60188,5128379.0
2021-11-02,1784767,1686950,30931,11830912,29040045,9940,3206,36,60113,33686,40870957,93799,0.10597127901150333,66886,5152800.0
2021-11-03,1794250,1690470,30976,11873756,29078149,9483,3520,45,42844,38104,40951905,80948,0.11714928101991402,72804,5180985.0
2021-11-04,1802743,1694082,31021,11917447,29120505,8493,3612,45,43691,42356,41037952,86047,0.09870187223261706,77640,5210956.0
2021-11-05,1811998,1698225,31078,11967844,29186327,9255,4143,57,50397,65822,41154171,116219,0.07963413899620544,82695,5244469.0
2021-11-06,1817742,1700288,31130,12002954,29223071,5744,2063,52,35110,36744,41226025,71854,0.07993987808611908,86324,5251290.0
2021-11-07,1820753,1702592,31169,12021245,29247970,3011,2304,39,18291,24899,41269215,43190,0.06971521185459598,86992,5255691.0
2021-11-08,1830040,1709132,31217,12071098,29303586,9287,6540,48,49853,55616,41374684,105469,0.08805430979719159,89691,5281800.0
2021-11-09,1844623,1714618,31280,12140389,29342920,14583,5486,63,69291,39334,41483309,108625,0.13425086306098966,98725,5308751.0
2021-11-10,1858190,1720794,31355,12204540,29384766,13567,6176,75,64151,41846,41589306,105997,0.1279941885147693,106041,5335819.0
2021-11-11,1868641,1723797,31426,12268756,29434149,10451,3003,71,64216,49383,41702905,113599,0.0919990492874057,113418,5364347.0
2021-11-12,1882900,1731071,31494,12341884,29500808,14259,7274,68,73128,66659,41842692,139787,0.1020051936160015,120335,5397555.0
2021-11-13,1892080,1734731,31568,12387903,29535397,9180,3660,74,46019,34589,41923300,80608,0.1138844779674474,125781,5403496.0
2021-11-14,1897776,1738417,31630,12416275,29559633,5696,3686,62,28372,24236,41975908,52608,0.10827250608272507,127729,5407451.0
2021-11-15,1909338,1748575,31723,12483147,29619810,11562,10158,93,66872,60177,42102957,127049,0.09100425819959228,129040,5433547.0
2021-11-16,1931874,1757346,31792,12578788,29671332,22536,8771,69,95641,51522,42250120,147163,0.15313631823216434,142736,5458979.0
2021-11-17,1946061,1765922,31874,12640681,29695281,14187,8576,82,61893,23949,42335962,85842,0.1652687495631509,148265,5451344.0
2021-11-18,1959573,1774111,31994,12705044,29747519,13512,8189,120,64363,52238,42452563,116601,0.11588236807574549,153468,5462794.0
2021-11-19,1982543,1783288,32107,12796709,29813877,22970,9177,113,91665,66358,42610586,158023,0.14535858704112692,167148,5478508.0
2021-11-20,1996957,1786938,32203,12862537,29847231,14414,3650,96,65828,33354,42709768,99182,0.1453287894980944,177816,5476934.0
2021-11-21,2005234,1790676,32316,12898652,29873218,8277,3738,113,36115,25987,42771870,62102,0.13328073169946217,182242,5473544.0
2021-11-22,2019749,1806596,32427,12976812,29921127,14515,15920,111,78160,47909,42897939,126069,0.11513536238091839,180726,5476795.0
2021-11-23,2045660,1819758,32542,13081588,29951131,25911,13162,115,104776,30004,43032719,134780,0.19224662412820892,193360,5483344.0
2021-11-24,2063704,1832375,32635,13183063,29978872,18044,12617,93,101475,27741,43161935,129216,0.1396421495789995,198694,5491025.0
2021-11-25,2091641,1844921,32749,13284131,30014499,27937,12546,114,101068,35627,43298630,136695,0.20437470280551592,213971,5493788.0
2021-11-26,2112019,1858032,32866,13384086,30043867,20378,13111,117,99955,29368,43427953,129323,0.1575744453809454,221121,5503018.0
2021-11-27,2124547,1863787,32961,13458530,30051767,12528,5755,95,74444,7900,43510297,82344,0.1521422325852521,227799,5498478.0
2021-11-28,2133852,1869608,33081,13508423,30062042,9305,5821,120,49893,10275,43570465,60168,0.15465031245844968,231163,5493992.0
2021-11-29,2151466,1891872,33189,13595577,30110207,17614,22264,108,87154,48165,43705784,135319,0.1301664954662686,226405,5500053.0
2021-11-30,2173486,1911008,33309,13709676,30138074,22020,19136,120,114099,27867,43847750,141966,0.15510756096530154,229169,5514878.0
2021-12-01,2194638,1919427,33449,13810312,30163498,21152,8419,140,100636,25424,43973810,126060,0.16779311438997302,241762,5538944.0
2021-12-02,2213256,1939812,33573,13911565,30194247,18618,20385,124,101253,30749,44105812,132002,0.14104331752549204,239871,5566925.0
2021-12-03,2230939,1960279,33692,14011478,30219324,17683,20467,119,99913,25077,44230802,124990,0.14147531802544203,236968,5603950.0
2021-12-04,2241921,1969405,33801,14083351,30226696,10982,9126,109,71873,7372,44310047,79245,0.13858287589122342,238715,5614830.0
2021-12-05,2248254,1977854,33911,14122629,30235396,6333,8449,110,39278,8700,44358025,47978,0.13199799908291301,236489,5620175.0
2021-12-06,2263826,2004790,34034,14209891,30275552,15572,26936,123,87262,40156,44485443,127418,0.1222119323800405,225002,5645093.0
2021-12-07,2283355,2029664,34143,14314115,30299206,19529,24874,109,104224,23654,44613321,127878,0.15271586981341592,219548,5682340.0
2021-12-08,2299557,2050443,34255,14402912,30323373,16202,20779,112,88797,24167,44726285,112964,0.14342622428384263,214859,5707942.0
2021-12-09,2313821,2069913,34368,14490515,30352156,14264,19470,113,87603,28783,44842671,116386,0.12255769594281099,209540,5733318.0
2021-12-10,2326220,2088977,34488,14577733,30375266,12399,19064,120,87218,23110,44952999,110328,0.11238307591907766,202755,5760689.0
2021-12-11,2335305,2097272,34588,14640412,30382370,9085,8295,100,62679,7104,45022782,69783,0.13018930111918375,203445,5770572.0
2021-12-12,2339430,2104923,34711,14668794,30390678,4125,7651,123,28382,8308,45059472,36690,0.11242845461978741,199796,5771946.0
2021-12-13,2351333,2131939,34825,14751747,30427554,11903,27016,114,82953,36876,45179301,119829,0.09933321650017943,184569,5773045.0
2021-12-14,2368037,2152622,34938,14848526,30450752,16704,20683,113,96779,23198,45299278,119977,0.13922668511464698,180477,5788835.0
2021-12-15,2379654,2171374,35061,14924010,30474321,11617,18752,123,75484,23569,45398331,99053,0.11728064773404137,173219,5799131.0
2021-12-16,2389152,2188498,35157,15002497,30504149,9498,17124,96,78487,29828,45506646,108315,0.08768868577759313,165497,5807456.0
2021-12-17,2398113,2204936,35245,15079421,30528755,8961,16438,88,76924,24606,45608176,101530,0.08825962769624741,157932,5819695.0
2021-12-18,2404097,2212047,35347,15129202,30538939,5984,7111,102,49781,10184,45668141,59965,0.0997915450679563,156703,5820377.0
2021-12-19,2407838,2218448,35415,15158926,30549035,3741,6401,68,29724,10096,45707961,39820,0.09394776494224008,153975,5816166.0
2021-12-20,2416436,2240777,35494,15232318,30582385,8598,22329,79,73392,33350,45814703,106742,0.08054936201307826,140165,5816415.0
2021-12-21,2428277,2257271,35575,15314878,30604305,11841,16494,81,82560,21920,45919183,104480,0.11333269525267994,135431,5814354.0
2021-12-22,2435970,2272023,35659,15393634,30624458,7693,14752,84,78756,20153,46018092,98909,0.07777856413470968,128288,5798471.0
2021-12-23,2443329,2284487,35717,15483001,30640739,7359,12464,58,89367,16281,46123740,105648,0.06965583825533848,123125,5740972.0
2021-12-24,2445374,2296727,35795,15503767,30645282,2045,12240,78,20766,4543,46149049,25309,0.0808012959816666,112852,5655220.0
2021-12-25,2446463,2302107,35862,15517383,30650700,1089,5380,67,13616,5418,46168083,19034,0.05721340758642429,108494,5476634.0
2021-12-26,2448477,2307034,35946,15538444,30660501,2014,4927,84,21061,9801,46198945,30862,0.06525824638714277,105497,5451068.0
2021-12-27,2455336,2325260,35997,15594287,30684777,6859,18226,51,55843,24276,46279064,80119,0.0856101548945943,94079,5566159.0
2021-12-28,2464415,2338317,36069,15653716,30702379,9079,13057,72,59429,17602,46356095,77031,0.11786164011891316,90029,5543309.0
2021-12-29,2470570,2348931,36143,15697766,30719891,6155,10614,74,44050,17512,46417657,61562,0.09998050745589812,85496,5512683.0
2021-12-30,2476325,2357748,36201,15737343,30736408,5755,8817,58,39577,16517,46473751,56094,0.10259564302777481,82376,5471013.0
2021-12-31,2481320,2366492,36256,15772850,30744788,4995,8744,55,35507,8380,46517638,43887,0.11381502495044091,78572,5391283.0
2022-01-01,2482408,2370871,36300,15781553,30748968,1088,4379,44,8703,4180,46530521,12883,0.08445237910424591,75237,5357709.0
2022-01-02,2484333,2374786,36351,15801142,30760459,1925,3915,51,19589,11491,46561601,31080,0.061936936936936936,73196,5348641.0
2022-01-03,2493674,2387691,36412,15874586,30800407,9341,12905,61,73444,39948,46674993,113392,0.08237794553407647,69571,5384978.0
2022-01-04,2503848,2396214,36471,15946112,30825469,10174,8523,59,71526,25062,46771581,96588,0.10533399594152483,71163,5434748.0
2022-01-05,2511229,2403852,36510,15999694,30847329,7381,7638,39,53582,21860,46847023,75442,0.0978367487606373,70867,5438593.0
2022-01-06,2517865,2408975,36566,16056956,30870338,6636,5123,56,57262,23009,46927294,80271,0.08266995552565684,72324,5457493.0
2022-01-07,2524531,2409985,36611,16125280,30886768,6666,1010,45,68324,16430,47012048,84754,0.07865115510772352,77935,5482991.0
2022-01-08,2528490,2411662,36654,16165650,30894057,3959,1677,43,40370,7289,47059707,47659,0.08306930485322814,80174,5483891.0
2022-01-09,2531252,2414950,36676,16189508,30902376,2762,3288,22,23858,8319,47091884,32177,0.08583771016564627,79626,5478128.0
2022-01-10,2538594,2425011,36719,16261160,30937540,7342,10061,43,71652,35164,47198700,106816,0.0687350209706411,76864,5478149.0
2022-01-11,2550965,2431719,36756,16339194,30959067,12371,6708,37,78034,21527,47298261,99561,0.12425548156406625,82490,5484335.0
2022-01-12,2562418,2437149,36796,16404550,30978409,11453,5430,40,65356,19342,47382959,84698,0.13522161089990317,88473,5487109.0
2022-01-13,2574100,2442709,36825,16474617,31000404,11682,5560,29,70067,21995,47475021,92062,0.12689274619278312,94566,5493169.0
2022-01-14,2587317,2442951,36853,16556278,31018159,13217,242,28,81661,17755,47574437,99416,0.13294640701697916,107513,5497605.0
2022-01-15,2596607,2443004,36875,16617572,31023727,9290,53,22,61294,5568,47641299,66862,0.13894289731087914,116728,5486895.0
2022-01-16,2603851,2443056,36899,16651943,31031231,7244,52,24,34371,7504,47683174,41875,0.1729910447761194,123896,5471387.0
2022-01-17,2624121,2443230,36910,16735022,31081686,20270,174,11,83079,50455,47816708,133534,0.15179654619797206,143981,5442683.0
