date,positive_total,recovered_total,deceased_total,tested_pcr_total,tested_ag_total,positive_daily,recovered_daily,deceased_daily,tested_pcr_daily,tested_ag_daily,tested_total,tested_daily,positive_ratio,active
2021-10-24,1732266,1670965,30699,11390310,28571519,1838,535,20,17154,28123,39961829,45277,0.04059456236058043,30602
2021-10-25,1736552,1672581,30719,11430738,28635947,4286,1616,20,40428,64428,40066685,104856,0.04087510490577554,33252
2021-10-26,1742841,1673955,30735,11492405,28689282,6289,1374,16,61667,53335,40181687,115002,0.054686005460774595,38151
2021-10-27,1748705,1675507,30757,11556661,28768050,5864,1552,22,64256,78768,40324711,143024,0.041000111869336615,42441
2021-10-28,1753061,1677062,30783,11598896,28799970,4356,1555,26,42235,31920,40398866,74155,0.05874182455667184,45216
2021-10-29,1758815,1678865,30809,11643848,28886954,5754,1803,26,44952,86984,40530802,131936,0.04361205432937182,49141
2021-10-30,1763873,1679688,30832,11681898,28919114,5058,823,23,38050,32160,40601012,70210,0.07204101979774961,53353
2021-10-31,1766662,1680650,30863,11706567,28957174,2789,962,31,24669,38060,40663741,62729,0.044461094549570375,55149
2021-11-01,1774273,1684077,30894,11770799,29006359,7611,3427,31,64232,49185,40777158,113417,0.06710634208275655,59302
2021-11-02,1784210,1687283,30929,11830912,29040045,9937,3206,35,60113,33686,40870957,93799,0.10593929572809944,65998
2021-11-03,1793690,1690803,30974,11873756,29078149,9480,3520,45,42844,38104,40951905,80948,0.11711222019073973,71913
2021-11-04,1802166,1694416,31019,11917447,29120505,8476,3613,45,43691,42356,41037952,86047,0.09850430578637256,76731
2021-11-05,1811416,1698560,31076,11967844,29186327,9250,4144,57,50397,65822,41154171,116219,0.07959111677092386,81780
2021-11-06,1817158,1700624,31127,12002954,29223071,5742,2064,51,35110,36744,41226025,71854,0.07991204386672976,85407
2021-11-07,1820169,1702929,31166,12021245,29247970,3011,2305,39,18291,24899,41269215,43190,0.06971521185459598,86074
2021-11-08,1829454,1709468,31214,12071098,29303586,9285,6539,48,49853,55616,41374684,105469,0.08803534687917777,88772
2021-11-09,1844025,1714950,31276,12140389,29342920,14571,5482,62,69291,39334,41483309,108625,0.13414039125431532,97799
2021-11-10,1857579,1721128,31351,12204540,29384766,13554,6178,75,64151,41846,41589306,105997,0.12787154353425098,105100
2021-11-11,1868019,1724129,31422,12268756,29434149,10440,3001,71,64216,49383,41702905,113599,0.09190221744909727,112468
2021-11-12,1882265,1731389,31490,12341884,29500808,14246,7260,68,73128,66659,41842692,139787,0.10191219498236603,119386
2021-11-13,1891444,1735046,31564,12387903,29535394,9179,3657,74,46019,34586,41923297,80605,0.11387631040258049,124834
2021-11-14,1897126,1738730,31626,12416275,29559624,5682,3684,62,28372,24230,41975899,52602,0.10801870651306034,126770
2021-11-15,1908679,1748874,31719,12483144,29619758,11553,10144,93,66869,60134,42102902,127003,0.09096635512546948,128086
2021-11-16,1931209,1757629,31788,12578784,29671250,22530,8755,69,95640,51492,42250034,147132,0.1531278036049262,141792
2021-11-17,1945376,1766195,31870,12640675,29695127,14167,8566,82,61891,23877,42335802,85768,0.16517815502285235,147311
2021-11-18,1958851,1774362,31990,12705014,29747012,13475,8167,120,64339,51885,42452026,116224,0.11593990914096916,152499
2021-11-19,1981818,1783525,32101,12796677,29813242,22967,9163,111,91663,66230,42609919,157893,0.14545926671860057,166192
2021-11-20,1996230,1787170,32197,12862505,29846588,14412,3645,96,65828,33346,42709093,99174,0.14532034605844274,176863
2021-11-21,2004491,1790964,32309,12898611,29872568,8261,3794,112,36106,25980,42771179,62086,0.13305737203234225,181218
2021-11-22,2018994,1807123,32419,12976759,29920134,14503,16159,110,78148,47566,42896893,125714,0.1153650349205339,179452
2021-11-23,2044897,1820464,32535,13081524,29949659,25903,13341,116,104765,29525,43031183,134290,0.1928885248343138,191898
2021-11-24,2062932,1833229,32628,13182994,29977256,18035,12765,93,101470,27597,43160250,129067,0.13973362672100537,197075
2021-11-25,2090862,1845910,32741,13284050,30012392,27930,12681,113,101056,35136,43296442,136192,0.205078125,212211
2021-11-26,2111228,1859242,32858,13383996,30041624,20366,13332,117,99946,29232,43425620,129178,0.15765842480917802,219128
2021-11-27,2123752,1865028,32953,13458430,30049505,12524,5786,95,74434,7881,43507935,82315,0.1521472392638037,225771
2021-11-28,2133054,1870848,33072,13508319,30059759,9302,5820,119,49889,10254,43568078,60143,0.15466471576077018,229134
2021-11-29,2150656,1893191,33177,13595466,30107502,17602,22343,105,87147,47743,43702968,134890,0.1304915116020461,224288
2021-11-30,2172649,1912364,33297,13709553,30135208,21993,19173,120,114087,27706,43844761,141793,0.15510638748034106,226988
2021-12-01,2193787,1920913,33434,13810161,30159691,21138,8549,137,100608,24483,43969852,125091,0.16898098184521668,239440
2021-12-02,2212384,1941249,33557,13911392,30189912,18597,20336,123,101231,30221,44101304,131452,0.14147369381979735,237578
2021-12-03,2230052,1961795,33675,14011250,30214681,17668,20546,118,99858,24769,44225931,124627,0.14176703282595265,234582
2021-12-04,2241029,1970899,33782,14083112,30221963,10977,9104,107,71862,7282,44305075,79144,0.1386965531183665,236348
2021-12-05,2247359,1979290,33890,14122384,30230521,6330,8391,108,39272,8558,44352905,47830,0.13234371733221828,234179
2021-12-06,2262898,2006164,34010,14209633,30268575,15539,26874,120,87249,38054,44478208,125303,0.12401139637518654,222724
2021-12-07,2282379,2030977,34111,14313773,30291533,19481,24813,101,104140,22958,44605306,127098,0.15327542526239596,217291
2021-12-08,2298566,2031633,34218,14402528,30314158,16187,656,107,88755,22625,44716686,111380,0.1453312982582151,232715
2021-12-09,2312809,2032220,34319,14490100,30339524,14243,587,101,87572,25366,44829624,112938,0.12611344277391134,246270
2021-12-10,2325209,2032841,34412,14577303,30360346,12400,621,93,87203,20822,44937649,108025,0.11478824346216154,257956
2021-12-11,2334289,2033057,34451,14637003,30366386,9080,216,39,59700,6040,45003389,65740,0.13811986613933677,266781
