date,positive_total,recovered_total,deceased_total,tested_pcr_total,tested_ag_total,positive_daily,recovered_daily,deceased_daily,tested_pcr_daily,tested_ag_daily,tested_total,tested_daily,positive_ratio,active,vaxs_active,vaxs_active_prcs
2021-11-09,1846209,1713672,31278,12140389,29342920,14583,5485,63,69291,39334,41483309,108625,0.13425086306098966,101259,5311678.0,0.4963360757750792
2021-11-10,1859780,1719847,31353,12204540,29384766,13571,6175,75,64151,41846,41589306,105997,0.12803192543185185,108580,5338745.0,0.4988652819059863
2021-11-11,1870234,1722848,31424,12268756,29434149,10454,3001,71,64216,49383,41702905,113599,0.09202545797058073,115962,5367273.0,0.5015310074205434
2021-11-12,1884494,1730119,31492,12341884,29500808,14260,7271,68,73128,66659,41842692,139787,0.10201234735705036,122883,5400484.0,0.5046343238136993
2021-11-13,1893677,1733779,31566,12387903,29535397,9183,3660,74,46019,34589,41923300,80608,0.11392169511710996,128332,5406424.0,0.5051893718211471
2021-11-14,1899375,1737463,31628,12416275,29559633,5698,3684,62,28372,24236,41975908,52608,0.10831052311435523,130284,5410372.0,0.5055582825170063
2021-11-15,1910937,1747622,31721,12483147,29619810,11562,10159,93,66872,60177,42102957,127049,0.09100425819959228,131594,5436466.0,0.5079965691679055
2021-11-16,1933476,1756393,31791,12578788,29671332,22539,8771,70,95641,51522,42250120,147163,0.15315670379103444,145292,5461905.0,0.5103736510301047
2021-11-17,1947672,1764967,31873,12640681,29695281,14196,8574,82,61893,23949,42335962,85842,0.1653735933459146,150832,5454267.0,0.5096599377841643
2021-11-18,1961190,1773156,31993,12705044,29747519,13518,8189,120,64363,52238,42452563,116601,0.115933825610415,156041,5465722.0,0.5107303207682238
2021-11-19,1984162,1782333,32106,12796709,29813877,22972,9177,113,91665,66358,42610586,158023,0.1453712434265898,169723,5481435.0,0.5121985816000464
2021-11-20,1998576,1785983,32202,12862537,29847231,14414,3650,96,65828,33354,42709768,99182,0.1453287894980944,180391,5479858.0,0.5120512228950388
2021-11-21,2006854,1789720,32315,12898652,29873218,8278,3737,113,36115,25987,42771870,62102,0.13329683424044314,184819,5476467.0,0.511734359630181
2021-11-22,2021372,1805641,32426,12976812,29921127,14518,15921,111,78160,47909,42897939,126069,0.1151591588733154,183305,5479720.0,0.5120383278403203
2021-11-23,2047284,1818802,32541,13081588,29951131,25912,13161,115,104776,30004,43032719,134780,0.19225404362665083,195941,5486264.0,0.5126498150727679
2021-11-24,2065330,1831416,32634,13183063,29978872,18046,12614,93,101475,27741,43161935,129216,0.13965762753838534,201280,5493962.0,0.513369134864238
2021-11-25,2093267,1843960,32748,13284131,30014499,27937,12544,114,101068,35627,43298630,136695,0.20437470280551592,216559,5496723.0,0.5136271294010332
2021-11-26,2113648,1857068,32866,13384086,30043867,20381,13108,118,99955,29368,43427953,129323,0.1575976431106609,223714,5505964.0,0.514490630855044
2021-11-27,2126176,1862825,32961,13458530,30051767,12528,5757,95,74444,7900,43510297,82344,0.1521422325852521,230390,5501437.0,0.5140676169948224
2021-11-28,2135482,1868645,33081,13508423,30062042,9306,5820,120,49893,10275,43570465,60168,0.1546669325887515,233756,5496954.0,0.5136487146013228
2021-11-29,2153099,1890907,33189,13595577,30110207,17617,22262,108,87154,48165,43705784,135319,0.1301886653019901,229003,5503018.0,0.5142153494695321
2021-11-30,2175123,1910041,33309,13709676,30138074,22024,19134,120,114099,27867,43847750,141966,0.1551357367256949,231773,5517864.0,0.5156025957184494
2021-12-01,2196276,1918460,33449,13810312,30163498,21153,8419,140,100636,25424,43973810,126060,0.16780104712041885,244367,5541937.0,0.5178520352274206
2021-12-02,2214899,1938847,33574,13911565,30194247,18623,20387,125,101253,30749,44105812,132002,0.1410811957394585,242478,5569950.0,0.5204696378928472
2021-12-03,2232583,1959314,33693,14011478,30219324,17684,20467,119,99913,25077,44230802,124990,0.14148331866549324,239576,5606989.0,0.5239306518908028
2021-12-04,2243565,1968440,33802,14083351,30226696,10982,9126,109,71873,7372,44310047,79245,0.13858287589122342,241323,5617843.0,0.5249448759771391
2021-12-05,2249899,1976889,33912,14122629,30235396,6334,8449,110,39278,8700,44358025,47978,0.1320188419692359,239098,5623181.0,0.5254436716444382
2021-12-06,2265479,2003826,34035,14209891,30275552,15580,26937,123,87262,40156,44485443,127418,0.1222747178577595,227618,5648120.0,0.5277740322938891
2021-12-07,2285012,2028699,34145,14314115,30299206,19533,24873,110,104224,23654,44613321,127878,0.1527471496269882,222168,5685382.0,0.5312558839527305
2021-12-08,2301221,2049479,34258,14402912,30323373,16209,20780,113,88797,24167,44726285,112964,0.1434881909280833,217484,5710982.0,0.5336480100454345
2021-12-09,2315485,2068947,34372,14490515,30352156,14264,19468,114,87603,28783,44842671,116386,0.12255769594281099,212166,5736373.0,0.5360206066712099
2021-12-10,2327885,2088007,34492,14577733,30375266,12400,19060,120,87218,23110,44952999,110328,0.11239213980131971,205386,5763759.0,0.5385796209358502
2021-12-11,2336970,2096301,34592,14640412,30382370,9085,8294,100,62679,7104,45022782,69783,0.13018930111918375,206077,5773630.0,0.5395019911179237
2021-12-12,2341099,2103953,34715,14668794,30390678,4129,7652,123,28382,8308,45059472,36690,0.11253747615153993,202431,5774994.0,0.5396294465863005
2021-12-13,2353004,2130969,34829,14751747,30427554,11905,27016,114,82953,36876,45179301,119829,0.09934990695073813,187206,5776116.0,0.5397342889877074
2021-12-14,2369711,2151656,34942,14848526,30450752,16707,20687,113,96779,23198,45299278,119977,0.13925168990723222,183113,5791925.0,0.5412115202923776
2021-12-15,2381328,2170407,35066,14924010,30474321,11617,18751,124,75484,23569,45398331,99053,0.11728064773404137,175855,5802234.0,0.5421748182568185
2021-12-16,2390827,2187532,35163,15002497,30504149,9499,17125,97,78487,29828,45506646,108315,0.08769791810921848,168132,5810596.0,0.5429561838188182
2021-12-17,2399789,2203969,35251,15079421,30528755,8962,16437,88,76924,24606,45608176,101530,0.08826947700187136,160569,5822872.0,0.5441032830342101
2021-12-18,2405774,2211084,35354,15129202,30538939,5985,7115,103,49781,10184,45668141,59965,0.0998082214625198,159336,5823555.0,0.544167104210824
2021-12-19,2409518,2217487,35422,15158926,30549035,3744,6403,68,29724,10096,45707961,39820,0.09402310396785535,156609,5819337.0,0.5437729640600809
2021-12-20,2418117,2239836,35501,15232318,30582391,8599,22349,79,73392,33356,45814709,106748,0.08055420242065425,142780,5819627.0,0.5438000623634748
2021-12-21,2429961,2256357,35582,15314879,30604329,11844,16521,81,82561,21938,45919208,104499,0.11334079751959349,138022,5817608.0,0.5436114021063978
2021-12-22,2437656,2271125,35666,15393635,30624503,7695,14768,84,78756,20174,46018138,98930,0.07778227029212574,130865,5801756.0,0.5421301527774313
2021-12-23,2445016,2283607,35724,15483003,30640808,7360,12482,58,89368,16305,46123811,105673,0.06964882231033472,125685,5744289.0,0.5367602969114381
2021-12-24,2447061,2295848,35802,15503769,30645364,2045,12241,78,20766,4556,46149133,25322,0.08075981360082142,115411,5658513.0,0.5287451794220717
2021-12-25,2448151,2301229,35870,15517386,30650787,1090,5381,68,13617,5423,46168173,19040,0.05724789915966386,111052,5479853.0,0.5120507556829114
2021-12-26,2450166,2306156,35954,15538447,30660597,2015,4927,84,21061,9810,46199044,30871,0.06527161413624437,108056,5454269.0,0.5096601246690152
2021-12-27,2457028,2324398,36005,15594291,30684999,6862,18242,51,55844,24402,46279290,80246,0.08551205044488198,96625,5569435.0,0.5204215150437166
2021-12-28,2466106,2337381,36077,15653719,30702628,9078,12983,72,59428,17629,46356347,77057,0.1178088947143024,92648,5546634.0,0.5182909342999765
2021-12-29,2472265,2347915,36152,15697769,30720173,6159,10534,75,44050,17545,46417942,61595,0.09999188245799172,88198,5516025.0,0.5154307550979618
2021-12-30,2478021,2356684,36210,15737349,30736726,5756,8769,58,39580,16553,46474075,56133,0.10254217661625069,85127,5474399.0,0.5115411206942548
2021-12-31,2483018,2365323,36265,15772857,30745136,4997,8639,55,35508,8410,46517993,43918,0.11378022678628352,81430,5394624.0,0.5040867512002913
2022-01-01,2484111,2369687,36311,15781562,30749345,1093,4364,46,8705,4209,46530907,12914,0.08463682824841258,78113,5361017.0,0.5009464316066388
2022-01-02,2486042,2373610,36362,15801157,30760895,1931,3923,51,19595,11550,46562052,31145,0.062000321078824853,76070,5351954.0,0.5000995629043663
2022-01-03,2495399,2386502,36423,15874605,30801658,9357,12892,61,73448,40763,46676263,114211,0.0819273099788987,72474,5388357.0,0.5035011475197063
2022-01-04,2505578,2394990,36484,15946144,30827160,10179,8488,61,71539,25502,46773304,97041,0.10489380777197267,74104,5438230.0,0.5081614016064808
2022-01-05,2512966,2402637,36523,15999727,30849882,7388,7647,39,53583,22722,46849609,76305,0.09682196448463404,73806,5442196.0,0.508531994265999
2022-01-06,2519606,2407736,36581,16056992,30873407,6640,5099,58,57265,23525,46930399,80790,0.08218838965218468,75289,5461266.0,0.5103139413202126
2022-01-07,2526278,2408663,36626,16125320,30890522,6672,927,45,68328,17115,47015842,85443,0.07808714581650925,80989,5486899.0,0.5127091510129579
2022-01-08,2530240,2410355,36669,16165691,30898121,3962,1692,43,40371,7599,47063812,47970,0.08259328747133625,83216,5487820.0,0.51279521148684
2022-01-09,2533004,2413692,36692,16189551,30906522,2764,3337,23,23860,8401,47096073,32261,0.08567620346548464,82620,5482079.0,0.512258758522066
2022-01-10,2540359,2423771,36736,16261209,30943156,7355,10079,44,71658,36634,47204365,108292,0.06791822110589886,79852,5482279.0,0.5122774470071653
2022-01-11,2552735,2430499,36774,16339268,30965502,12376,6728,38,78059,22346,47304770,100405,0.12326079378517006,85462,5488835.0,0.5128900555487187
2022-01-12,2564200,2435960,36815,16404642,30985987,11465,5461,41,65374,20485,47390629,85859,0.13353288531196497,91425,5491864.0,0.5131730926555468
2022-01-13,2575892,2441531,36847,16474717,31009810,11692,5571,32,70075,23823,47484527,93898,0.1245180941021108,97514,5498720.0,0.5138137339247492
2022-01-14,2589115,2444772,36879,16556405,31028836,13223,3241,32,81688,19026,47585241,100714,0.13129257104275474,107464,5504357.0,0.5143404688772715
2022-01-15,2598408,2445808,36904,16617720,31034751,9293,1036,25,61315,5915,47652471,67230,0.13822698200208242,115696,5493762.0,0.5133504463791387
2022-01-16,2605654,2450242,36933,16652114,31042565,7246,4434,29,34394,7814,47694679,42208,0.17167361637604245,118479,5478346.0,0.5119099379476885
2022-01-17,2625958,2462342,36959,16744284,31105670,20304,12100,26,92170,63105,47849954,155275,0.13076155208501047,126657,5451812.0,0.5094305366295709
2022-01-18,2654459,2470468,36983,16853988,31137189,28501,8126,24,109704,31519,47991177,141223,0.2018155682856192,147008,5425164.0,0.5069404828749469
2022-01-19,2680471,2477228,37010,16956622,31157244,26012,6760,27,102634,20055,48113866,122689,0.21201574713299481,166233,5396824.0,0.5042923245363831
2022-01-20,2707408,2484014,37029,17062753,31198190,26937,6786,19,106131,40946,48260943,147077,0.18314896278819937,186365,5369920.0,0.5017783495208319
2022-01-21,2734018,2501939,37050,17186547,31227237,26610,17925,21,123794,29047,48413784,152841,0.17410249867509373,195029,5351321.0,0.5000404138490271
2022-01-22,2752370,2514924,37072,17273502,31235069,18352,12985,22,86955,7832,48508571,94787,0.1936130482028126,200374,5329017.0,0.49795627399075876
2022-01-23,2765267,2531003,37090,17325683,31243513,12897,16079,18,52181,8444,48569196,60625,0.2127340206185567,197174,5309740.0,0.4961549843544675
2022-01-24,2795652,2554977,37112,17445677,31302929,30385,23974,22,119994,59416,48748606,179410,0.16936068223621872,203563,5275370.0,0.4929433681901613
2022-01-25,2835284,2562382,37126,17592888,31332833,39632,7405,14,147211,29904,48925721,177115,0.22376422098636478,235776,5240839.0,0.48971670779535026
2022-01-26,2889976,2571418,37145,17737855,31353888,54692,9036,19,144967,21055,49091743,166022,0.32942622062136345,281413,5205711.0,0.4864342622725179
2022-01-27,2924781,2602955,37171,17876161,31394122,34805,31537,26,138306,40234,49270283,178540,0.194942309846533,284655,5196866.0,0.4856077640190036
2022-01-28,2972044,2627693,37191,18032707,31423176,47263,24738,20,156546,29054,49455883,185600,0.2546497844827586,307160,5187997.0,0.48477902314727733
2022-01-29,2990325,2652534,37217,18136542,31429595,18281,24841,26,103835,6419,49566137,110254,0.16580804324559653,300574,5176106.0,0.48366789926570136
2022-01-30,3014259,2678507,37245,18199151,31437838,23934,25973,28,62609,8243,49636989,70852,0.33780274374753005,298507,5161292.0,0.4822836431743999
2022-01-31,3043804,2705401,37279,18317814,31492791,29545,26894,34,118663,54953,49810605,173616,0.17017440788867386,301124,5130524.0,0.47940860662673124
2022-02-01,3101033,2719687,37322,18472633,31520635,57229,14286,43,154819,27844,49993268,182663,0.3133037341990441,344024,5092420.0,0.47584807644562205
2022-02-02,3144355,2736897,37360,18608027,31539247,43322,17210,38,135394,18612,50147274,154006,0.2813007285430438,370098,5051096.0,0.47198666165441494
2022-02-03,3182037,2790721,37396,18741532,31573566,37682,53824,36,133505,34319,50315098,167824,0.224532843931738,353920,5005600.0,0.4677354050640375
2022-02-04,3210735,2835657,37444,18862249,31598611,28698,44936,48,120717,25045,50460860,145762,0.19688258942659953,337634,4966884.0,0.4641176881185246
2022-02-05,3234734,2875663,37486,18934720,31604131,23999,40006,42,72471,5520,50538851,77991,0.30771499275557435,321585,4948120.0,0.4623643344465129
2022-02-06,3243799,2915221,37526,18974243,31610829,9065,39558,40,39523,6698,50585072,46221,0.19612297440557322,291052,4930630.0,0.4607300264245835
2022-02-07,3273375,2952086,37549,19065500,31650933,29576,36865,23,91257,40104,50716433,131361,0.22515053935338494,283740,4876766.0,0.4556968436176534
