date,positive_total,recovered_total,deceased_total,tested_pcr_total,tested_ag_total,positive_daily,recovered_daily,deceased_daily,tested_pcr_daily,tested_ag_daily,tested_total,tested_daily,positive_ratio,active,vaxs_active,vaxs_active_prcs
2021-12-19,2410798,2216719,35488,15160349,31632348,3745,6401,70,29725,10105,46792697,39830,0.09402460456942004,158591,5820518.0,0.5438833195645919
2021-12-20,2419398,2239070,35568,15233741,31666402,8600,22351,80,73392,34054,46900143,107446,0.08004020624313608,144760,5821293.0,0.5439557374443516
2021-12-21,2431244,2255599,35650,15316303,31688755,11846,16529,82,82562,22353,47005058,104915,0.1129104513177334,139995,5819757.0,0.5438122098787893
2021-12-22,2438940,2270365,35734,15395059,31709370,7696,14766,84,78756,20615,47104429,99371,0.07744714252649164,132841,5804415.0,0.5423786161868258
2021-12-23,2446302,2282847,35794,15484429,31725794,7362,12482,60,89370,16424,47210223,105794,0.06958806737622171,127661,5747959.0,0.5371032306130095
2021-12-24,2448348,2295085,35874,15505196,31730385,2046,12238,80,20767,4591,47235581,25358,0.08068459657701711,117389,5662675.0,0.529134086796987
2021-12-25,2449438,2300467,35942,15518814,31735823,1090,5382,68,13618,5438,47254637,19056,0.05719983207388749,113029,5484100.0,0.5124476056639939
2021-12-26,2451453,2305395,36027,15539875,31745637,2015,4928,85,21061,9814,47285512,30875,0.06526315789473684,110031,5458596.0,0.5100644500441376
2021-12-27,2458317,2323637,36078,15595720,31770187,6864,18242,51,55845,24550,47365907,80395,0.08537844393308042,98602,5574566.0,0.5209009681289378
2021-12-28,2467395,2336618,36151,15655150,31787991,9078,12981,73,59430,17804,47443141,77234,0.11753890773493539,94626,5551874.0,0.5187805726095769
2021-12-29,2473556,2347152,36226,15699203,31805591,6161,10534,75,44053,17600,47504794,61653,0.09993025481322888,90178,5522327.0,0.5160196292634391
2021-12-30,2479312,2355925,36284,15738784,31822195,5756,8773,58,39581,16604,47560979,56185,0.10244727240366645,87103,5481915.0,0.5122434339642846
2021-12-31,2484310,2364565,36339,15774294,31830696,4998,8640,55,35510,8501,47604990,44011,0.11356251846129377,83406,5404028.0,0.5049654837696581
2022-01-01,2485403,2368930,36385,15783008,31834934,1093,4365,46,8714,4238,47617942,12952,0.08438851142680667,80088,5370524.0,0.5018347887458317
2022-01-02,2487334,2372853,36437,15802604,31846510,1931,3923,52,19596,11576,47649114,31172,0.06194661876042602,78044,5361491.0,0.500990723316324
2022-01-03,2496693,2385745,36497,15876052,31888449,9359,12892,60,73448,41939,47764501,115387,0.08110965706708728,74451,5399579.0,0.5045497584186253
2022-01-04,2506873,2394232,36557,15947594,31914307,10180,8487,60,71542,25858,47861901,97400,0.10451745379876796,76084,5451486.0,0.5094000743988591
2022-01-05,2514263,2401878,36597,16001183,31937170,7390,7646,40,53589,22863,47938353,76452,0.09666195782974939,75788,5458089.0,0.5100170747344109
2022-01-06,2520904,2406980,36655,16058449,31961130,6641,5102,58,57266,23960,48019579,81226,0.08175953512422131,77269,5479536.0,0.5120211344340291
2022-01-07,2527578,2407906,36701,16126777,31978371,6674,926,46,68328,17241,48105148,85569,0.07799553576645749,82971,5509132.0,0.5147866564590161
2022-01-08,2531541,2409599,36744,16167148,31985999,3963,1693,43,40371,7628,48153147,47999,0.0825642200879185,85198,5510466.0,0.5149113086546281
2022-01-09,2534305,2412936,36767,16191008,31994419,2764,3337,23,23860,8420,48185427,32280,0.08562577447335812,84602,5504943.0,0.5143952261386123
2022-01-10,2541667,2423017,36810,16262666,32031951,7362,10081,43,71658,37532,48294617,109190,0.06742375675428153,81840,5507825.0,0.5146645272088926
2022-01-11,2554045,2429756,36848,16340731,32054524,12378,6739,38,78065,22573,48395255,100638,0.12299529004948428,87441,5517814.0,0.5155979235971746
2022-01-12,2565513,2435227,36889,16406105,32075144,11468,5471,41,65374,20620,48481249,85994,0.1333581412656697,93397,5525217.0,0.5162896778731233
2022-01-13,2577206,2440807,36922,16476182,32099229,11693,5580,33,70077,24085,48575411,94162,0.12417960536097364,99477,5536892.0,0.5173806181907921
2022-01-14,2590435,2444055,36955,16557874,32118411,13229,3248,33,81692,19182,48676285,100874,0.1311438031603783,109425,5547586.0,0.518379891489049
2022-01-15,2599728,2445098,36980,16619189,32124363,9293,1043,25,61315,5952,48743552,67267,0.13815095068904515,117650,5538044.0,0.5174882638649637
2022-01-16,2606974,2449534,37009,16653583,32132209,7246,4436,29,34394,7846,48785792,42240,0.1715435606060606,120431,5523178.0,0.5160991487675365
2022-01-17,2627285,2461647,37037,16745759,32196454,20311,12113,28,92176,64245,48942213,156421,0.12984829402701684,128601,5503838.0,0.5142919722584389
2022-01-18,2655789,2469712,37062,16855469,32228327,28504,8065,25,109710,31873,49083796,141583,0.2013236052350918,149015,5488158.0,0.5128267950266577
2022-01-19,2681812,2476418,37089,16958106,32248621,26023,6706,27,102637,20294,49206727,122931,0.21168785741594878,168305,5474851.0,0.5115833566705791
2022-01-20,2708753,2483162,37108,17064241,32290195,26941,6744,19,106135,41574,49354436,147709,0.1823924066915354,188483,5465148.0,0.5106766848159889
2022-01-21,2735379,2501040,37129,17188042,32319448,26626,17878,21,123801,29253,49507490,153054,0.1739647444692723,197210,5464966.0,0.5106596782945486
2022-01-22,2753736,2513990,37151,17275010,32327337,18357,12950,22,86968,7889,49602347,94857,0.193522881811569,202595,5445903.0,0.5088783853373136
2022-01-23,2766638,2530053,37169,17327199,32335826,12902,16063,18,52189,8489,49663025,60678,0.21263060746893436,199416,5428119.0,0.5072166052422883
2022-01-24,2797034,2553998,37191,17447212,32396207,30396,23945,22,120013,60381,49843419,180394,0.1684978436089892,205845,5413193.0,0.5058218835993312
2022-01-25,2836674,2561318,37206,17594429,32426566,39640,7320,15,147217,30359,50020995,177576,0.22322836419335945,238150,5401109.0,0.5046927253296345
2022-01-26,2891376,2570264,37227,17739413,32447991,54702,8946,21,144984,21425,50187404,166409,0.32872020143141295,283885,5392333.0,0.5038726746034794
2022-01-27,2926194,2601718,37254,17877741,32488729,34818,31454,27,138328,40738,50366470,179066,0.1944422726815811,287222,5387018.0,0.5033760281119668
2022-01-28,2973470,2626315,37277,18034300,32518277,47276,24597,23,156559,29548,50552577,186107,0.2540259098260678,309878,5397242.0,0.5043313834702405
2022-01-29,2991757,2651131,37304,18138145,32524786,18287,24816,27,103845,6509,50662931,110354,0.1657121626764775,303322,5388187.0,0.5034852623073719
2022-01-30,3015699,2677074,37332,18200759,32533117,23942,25943,28,62614,8331,50733876,70945,0.33747269011205866,301293,5375911.0,0.50233816309198
2022-01-31,3045256,2703845,37366,18319487,32589748,29557,26771,34,118728,56631,50909235,175359,0.16855137175736631,304045,5365293.0,0.5013459914180608
2022-02-01,3102499,2718008,37410,18475881,32618712,57243,14163,44,156394,28964,51094593,185358,0.30882400543812516,347081,5352840.0,0.5001823528933559
2022-02-02,3145838,2735071,37450,18611494,32638295,43339,17063,40,135613,19583,51249789,155196,0.27925333127142454,373317,5341842.0,0.49915467309774814
2022-02-03,3183529,2788766,37489,18745008,32674685,37691,53695,39,133514,36390,51419693,169904,0.22183703738581786,357274,5325946.0,0.49766931230205974
2022-02-04,3212255,2833572,37543,18865926,32701246,28726,44806,54,120918,26561,51567172,147479,0.1947802738016938,341140,5316392.0,0.49677656336886855
2022-02-05,3236264,2873540,37591,18938726,32707276,24009,39968,48,72800,6030,51646002,78830,0.3045667892934162,325133,5301850.0,0.4954177236173021
2022-02-06,3245334,2913065,37637,18978307,32714554,9070,39525,46,39581,7278,51692861,46859,0.19355940160908255,294632,5286622.0,0.49399478236184513
2022-02-07,3274963,2949867,37697,19080114,32763325,29629,36802,60,101807,48771,51843439,150578,0.19676845223073755,287399,5254545.0,0.4909974296792019
2022-02-08,3312760,2966099,37750,19193317,32786891,37797,16232,53,113203,23566,51980208,136769,0.2763564842910309,308911,5231024.0,0.48879957038910454
2022-02-09,3341813,2984013,37795,19281442,32803318,29053,17914,45,88125,16427,52084760,104552,0.2778808631111791,320005,5204334.0,0.4863055920526096
2022-02-10,3364485,3040955,37852,19366210,32835439,22672,56942,57,84768,32121,52201649,116889,0.19396179281198403,285678,5181568.0,0.48417828179376193
2022-02-11,3386626,3086894,37910,19448126,32858110,22141,45939,58,81916,22671,52306236,104587,0.21169935077973362,261822,5161933.0,0.482343539769143
2022-02-12,3397580,3123326,37974,19493986,32862701,10954,36432,64,45860,4591,52356687,50451,0.21712156349725475,236280,5150410.0,0.4812668027001497
2022-02-13,3404774,3157150,38030,19521100,32869239,7194,33824,56,27114,6538,52390339,33652,0.2137762985855224,209594,5137558.0,0.48006588064767186
2022-02-14,3424252,3185052,38078,19597558,32913341,19478,27902,48,76458,44102,52510899,120560,0.16156270736562708,201122,5110026.0,0.47749322378890907
2022-02-15,3452539,3196737,38125,19681412,32934866,28287,11685,47,83854,21525,52616278,105379,0.26843109158371214,217677,5092842.0,0.4758875091491815
2022-02-16,3469534,3209441,38178,19741277,32949001,16995,12704,53,59865,14135,52690278,74000,0.22966216216216218,221915,5065113.0,0.4732964441325959
2022-02-17,3485060,3254185,38234,19799831,32978022,15526,44744,56,58554,29021,52777853,87575,0.17728803882386526,192641,5032228.0,0.4702235899701517
2022-02-18,3498835,3284253,38292,19855676,32998737,13775,30068,58,55845,20715,52854413,76560,0.17992424242424243,176290,5000094.0,0.4672209110692551
2022-02-19,3507058,3308141,38346,19889381,33003056,8223,23888,54,33705,4319,52892437,38024,0.21625815274563434,160571,4975251.0,0.46489952089265174
2022-02-20,3511330,3330402,38395,19908150,33008521,4272,22261,49,18769,5465,52916671,24234,0.17628125773706363,142533,4947255.0,0.4622835067484587
2022-02-21,3524787,3349525,38452,19954459,33029017,13457,19123,57,46309,20496,52983476,66805,0.20143701818726142,136810,4898847.0,0.45776014581503616
2022-02-22,3538997,3357572,38510,19999027,33041895,14210,8047,58,44568,12878,53040922,57446,0.24736274066079447,142915,4871077.0,0.45516524965900523
2022-02-23,3550208,3366310,38550,20036787,33053285,11211,8738,40,37760,11390,53090072,49150,0.22809766022380468,145348,4849504.0,0.4531494162137746
2022-02-24,3560241,3397861,38606,20074796,33065940,10033,31551,56,38009,12655,53140736,50664,0.198030159482078,123774,4812809.0,0.44972054641018966
2022-02-25,3569361,3417437,38651,20111804,33076326,9120,19576,45,37008,10386,53188130,47394,0.19242942144575262,113273,4779689.0,0.4466257332777538
2022-02-26,3574953,3433003,38694,20133951,33080122,5592,15566,43,22147,3796,53214073,25943,0.21554947384650966,103256,4748505.0,0.44371182468107867
2022-02-27,3578279,3447743,38742,20148395,33084523,3326,14740,48,14444,4401,53232918,18845,0.17649243831254974,91794,4738839.0,0.4428086101962319
2022-02-28,3588432,3461216,38797,20187443,33103238,10153,13473,55,39048,18715,53290681,57763,0.17576995654657826,88419,4705035.0,0.4396498824447566
2022-03-01,3600059,3466951,38835,20221788,33114710,11627,5735,38,34345,11472,53336498,45817,0.25377043455485954,94273,4688417.0,0.4380970562178599
2022-03-02,3609025,3472772,38880,20249226,33124848,8966,5821,45,27438,10138,53374074,37576,0.23860975090483288,97373,4676609.0,0.43699368805760014
2022-03-03,3617102,3489945,38924,20277258,33135631,8077,17173,44,28032,10783,53412889,38815,0.20808965606080124,88233,4646748.0,0.43420340378985656
2022-03-04,3625359,3502269,38955,20306957,33145897,8257,12324,31,29699,10266,53452854,39965,0.20660578005755037,84135,4615839.0,0.43131519186019296
2022-03-05,3629920,3512912,38986,20324513,33149277,4561,10643,31,17556,3380,53473790,20936,0.21785441345051587,78022,4583084.0,0.4282544852130632
2022-03-06,3632494,3522450,39023,20334729,33153563,2574,9538,37,10216,4286,53488292,14502,0.17749275961936284,71021,4544373.0,0.4246372354796778
2022-03-07,3642882,3531382,39059,20365000,33169739,10388,8932,36,30271,16176,53534739,46447,0.2236527655176868,72441,4510686.0,0.42148944049198556
2022-03-08,3653367,3535549,39101,20393887,33180028,10485,4167,42,28887,10289,53573915,39176,0.26763835001021036,78717,4497101.0,0.420220025141619
2022-03-09,3662398,3540056,39131,20420529,33189357,9031,4507,30,26642,9329,53609886,35971,0.25106335659281087,83211,4487457.0,0.41931886639013316
2022-03-10,3670637,3553952,39156,20446600,33199451,8239,13896,25,26071,10094,53646051,36165,0.22781695008986588,77529,4457076.0,0.4164799920611315
2022-03-11,3678991,3563494,39173,20473578,33208751,8354,9542,17,26978,9300,53682329,36278,0.23027730304867963,76324,4425334.0,0.4135139425910295
2022-03-12,3683414,3572261,39199,20489641,33211983,4423,8767,26,16063,3232,53701624,19295,0.22923037056232184,71954,4395621.0,0.4107374878022594
2022-03-13,3686161,3580314,39225,20498627,33215769,2747,8053,26,8986,3786,53714396,12772,0.21507986219855935,66622,4366727.0,0.4080375623599707
2022-03-14,3696982,3588348,39261,20529360,33226281,10821,8034,36,30733,10512,53755641,41245,0.2623590738271306,69373,4333194.0,0.4049041575058049
2022-03-15,3707696,3591922,39284,20558586,33233081,10714,3574,23,29226,6800,53791667,36026,0.2973963248764781,76490,4322681.0,0.4039217972865628
2022-03-16,3716247,3595708,39313,20583771,33239540,8551,3786,29,25185,6459,53823311,31644,0.27022500316015674,81226,4314987.0,0.4032028512647946
2022-03-17,3724402,3608394,39342,20608701,33246273,8155,12686,29,24930,6733,53854974,31663,0.257556138079146,76666,4288843.0,0.4007598924926206
2022-03-18,3733107,3617982,39357,20634964,33252246,8705,9588,15,26263,5973,53887210,32236,0.2700397071596972,75768,4260493.0,0.3981107997298019
2022-03-19,3737891,3626591,39359,20648312,33254209,4784,8609,2,13348,1963,53902521,15311,0.312455097642218,71941,4251558.0,0.3972758916579929
