date,positive_total,recovered_total,deceased_total,tested_pcr_total,tested_ag_total,positive_daily,recovered_daily,deceased_daily,tested_pcr_daily,tested_ag_daily,tested_total,tested_daily,positive_ratio,active
2021-11-01,1774362,1684043,30895,11770799,29006359,7610,3427,31,64232,49185,40777158,113417,0.06709752506238043,59424
2021-11-02,1784302,1687250,30931,11830912,29040045,9940,3207,36,60113,33686,40870957,93799,0.10597127901150333,66121
2021-11-03,1793782,1690771,30976,11873756,29078149,9480,3521,45,42844,38104,40951905,80948,0.11711222019073973,72035
2021-11-04,1802263,1694384,31021,11917447,29120505,8481,3613,45,43691,42356,41037952,86047,0.09856241356467976,76858
2021-11-05,1811514,1698528,31078,11967844,29186327,9251,4144,57,50397,65822,41154171,116219,0.07959972121598018,81908
2021-11-06,1817258,1700592,31130,12002954,29223071,5744,2064,52,35110,36744,41226025,71854,0.07993987808611908,85536
2021-11-07,1820269,1702897,31169,12021245,29247970,3011,2305,39,18291,24899,41269215,43190,0.06971521185459598,86203
2021-11-08,1829554,1709436,31217,12071098,29303586,9285,6539,48,49853,55616,41374684,105469,0.08803534687917777,88901
2021-11-09,1844129,1714918,31280,12140389,29342920,14575,5482,63,69291,39334,41483309,108625,0.1341772151898734,97931
2021-11-10,1857684,1721096,31355,12204540,29384766,13555,6178,75,64151,41846,41589306,105997,0.1278809777635216,105233
2021-11-11,1868127,1724099,31426,12268756,29434149,10443,3003,71,64216,49383,41702905,113599,0.09192862613227229,112602
2021-11-12,1882379,1731369,31494,12341884,29500808,14252,7270,68,73128,66659,41842692,139787,0.10195511742865931,119516
2021-11-13,1891558,1735028,31568,12387903,29535397,9179,3659,74,46019,34589,41923300,80608,0.11387207225089321,124962
2021-11-14,1897246,1738712,31630,12416275,29559633,5688,3684,62,28372,24236,41975908,52608,0.10812043795620438,126904
2021-11-15,1908806,1748867,31723,12483147,29619810,11560,10155,93,66872,60177,42102957,127049,0.09098851624176499,128216
2021-11-16,1931339,1757628,31792,12578788,29671332,22533,8761,69,95641,51522,42250120,147163,0.15311593267329424,141919
2021-11-17,1945513,1766202,31874,12640681,29695281,14174,8574,82,61893,23949,42335962,85842,0.16511730854360337,147437
2021-11-18,1959001,1774383,31994,12705044,29747519,13488,8181,120,64363,52238,42452563,116601,0.11567653793706743,152624
2021-11-19,1981969,1783549,32107,12796709,29813877,22968,9166,113,91665,66358,42610586,158023,0.14534593065566404,166313
2021-11-20,1996383,1787197,32203,12862537,29847231,14414,3648,96,65828,33354,42709768,99182,0.1453287894980944,176983
2021-11-21,2004651,1790932,32315,12898652,29873218,8268,3735,112,36115,25987,42771870,62102,0.13313580883063347,181404
2021-11-22,2019158,1806846,32425,12976808,29920937,14507,15914,110,78156,47719,42897745,125875,0.11524925521350546,179887
2021-11-23,2045066,1819985,32541,13081583,29950782,25908,13139,116,104775,29845,43032365,134620,0.19245283018867926,192540
2021-11-24,2063110,1832580,32634,13183058,29978492,18044,12595,93,101475,27710,43161550,129185,0.13967565893873127,197896
2021-11-25,2091043,1845105,32747,13284122,30013897,27933,12525,113,101064,35405,43298019,136469,0.20468384761374378,213191
2021-11-26,2111411,1858203,32864,13384073,30043228,20368,13098,117,99951,29331,43427301,129282,0.15754706765056234,220344
2021-11-27,2123936,1863948,32959,13458514,30051125,12525,5745,95,74441,7897,43509639,82338,0.15211688406325147,227029
2021-11-28,2133241,1869753,33079,13508405,30061399,9305,5805,120,49891,10274,43569804,60165,0.15465802376797141,230409
2021-11-29,2150850,1892266,33187,13595555,30109378,17609,22513,108,87150,47979,43704933,135129,0.13031251618823494,225397
2021-11-30,2172855,1911623,33307,13709651,30137220,22005,19357,120,114096,27842,43846871,141938,0.155032478969691,227925
2021-12-01,2193994,1920240,33445,13810283,30162394,21139,8617,138,100632,25174,43972677,125806,0.1680285518973658,240309
2021-12-02,2212597,1940717,33569,13911524,30192926,18603,20477,124,101241,30532,44104450,131773,0.14117459570625243,238311
2021-12-03,2230267,1961413,33688,14011426,30217896,17670,20696,119,99902,24970,44229322,124872,0.1415049010186431,235166
2021-12-04,2241244,1970598,33797,14083292,30225229,10977,9185,109,71866,7333,44308521,79199,0.13860023485145015,236849
2021-12-05,2247574,1979052,33907,14122569,30233868,6330,8454,110,39277,8639,44356437,47916,0.1321061858251941,234615
2021-12-06,2263112,2006038,34030,14209821,30273202,15538,26986,123,87252,39334,44483023,126586,0.12274659125021724,223044
2021-12-07,2282594,2030907,34136,14313974,30296556,19482,24869,106,104153,23354,44610530,127507,0.1527916114409405,217551
2021-12-08,2298779,2051717,34247,14402738,30320200,16185,20810,111,88764,23644,44722938,112408,0.1439844139207174,212815
2021-12-09,2313018,2071160,34358,14490327,30348133,14239,19443,111,87589,27933,44838460,115522,0.12325790758470248,207500
2021-12-10,2325415,2090259,34476,14577539,30370632,12397,19099,118,87212,22499,44948171,109711,0.11299687360428763,200680
2021-12-11,2334497,2098495,34575,14640209,30377583,9082,8236,99,62670,6951,45017792,69621,0.1304491460909783,201427
2021-12-12,2338610,2106058,34697,14668587,30385774,4113,7563,122,28378,8191,45054361,36569,0.11247231261450956,197855
2021-12-13,2350499,2133067,34807,14751526,30420790,11889,27009,110,82939,35016,45172316,117955,0.10079267517273537,182625
2021-12-14,2367193,2153655,34913,14847646,30442933,16694,20588,106,96120,22143,45290579,118263,0.14115995704489148,178625
2021-12-15,2378809,2172378,35035,14923107,30465294,11616,18723,122,75461,22361,45388401,97822,0.1187462942896281,171396
2021-12-16,2388301,2172952,35129,15001574,30492028,9492,574,94,78467,26734,45493602,105201,0.09022727920837255,180220
2021-12-17,2397266,2173553,35196,15078479,30514531,8965,601,67,76905,22503,45593010,99408,0.09018388862063416,188517
2021-12-18,2403249,2173745,35266,15128218,30523880,5983,192,70,49739,9349,45652098,59088,0.10125575412943406,194238
2021-12-19,2406989,2173844,35288,15154694,30533039,3740,99,22,26476,9159,45687733,35635,0.10495299565034376,197857
