date,positive_total,recovered_total,deceased_total,tested_pcr_total,tested_ag_total,positive_daily,recovered_daily,deceased_daily,tested_pcr_daily,tested_ag_daily,tested_total,tested_daily,positive_ratio,active
2021-10-06,1697656,1658898,30546,10922543,27702754,1048,500,5,22909,39904,38625297,62813,0.016684444302930923,8212
2021-10-07,1698647,1659373,30549,10947037,27755661,991,475,3,24494,52907,38702698,77401,0.012803452151780985,8725
2021-10-08,1699664,1659901,30553,10974361,27838209,1017,528,4,27324,82548,38812570,109872,0.009256225425950197,9210
2021-10-09,1700330,1660156,30556,10989664,27864447,666,255,3,15303,26238,38854111,41541,0.01603235357839243,9618
2021-10-10,1700666,1660441,30560,10997583,27886842,336,285,4,7919,22395,38884425,30314,0.011083987596490071,9665
2021-10-11,1702009,1661261,30565,11019021,27938185,1343,820,5,21438,51343,38957206,72781,0.018452618128357676,10183
2021-10-12,1703516,1661612,30572,11043782,27972424,1507,351,7,24761,34239,39016206,59000,0.025542372881355933,11332
2021-10-13,1705015,1662671,30578,11075426,28012791,1499,1059,6,31644,40367,39088217,72011,0.020816264181861104,11766
2021-10-14,1706555,1663411,30584,11104624,28068590,1540,740,6,29198,55799,39173214,84997,0.018118286527759802,12560
2021-10-15,1708339,1664240,30594,11136665,28155785,1784,829,10,32041,87195,39292450,119236,0.014961924251065115,13505
2021-10-16,1709497,1664568,30602,11154336,28188497,1158,328,8,17671,32712,39342833,50383,0.022983942996645693,14327
2021-10-17,1710292,1664980,30613,11164595,28212943,795,412,11,10259,24446,39377538,34705,0.022907362051577583,14699
2021-10-18,1712824,1666146,30625,11191839,28268623,2532,1166,12,27244,55680,39460462,82924,0.030533982924123293,16053
2021-10-19,1716074,1667067,30635,11225644,28306918,3250,921,10,33805,38295,39532562,72100,0.04507628294036061,18372
2021-10-20,1719353,1668106,30642,11260085,28354473,3279,1039,7,34441,47555,39614558,81996,0.03998975559783404,20605
2021-10-21,1722996,1669093,30652,11301947,28414810,3643,987,10,41862,60337,39716757,102199,0.03564614135167663,23251
2021-10-22,1727232,1670063,30666,11347336,28508061,4236,970,14,45389,93251,39855397,138640,0.030553952683208308,26503
2021-10-23,1729988,1670539,30679,11377412,28543376,2756,476,13,30076,35315,39920788,65391,0.04214647275618969,28770
2021-10-24,1731826,1671074,30699,11394566,28571499,1838,535,20,17154,28123,39966065,45277,0.04059456236058043,30053
2021-10-25,1736108,1672689,30719,11434994,28635927,4282,1615,20,40428,64428,40070921,104856,0.0408369573510338,32700
2021-10-26,1742396,1674064,30735,11496661,28689257,6288,1375,16,61667,53330,40185918,114997,0.054679687296190334,37597
2021-10-27,1748245,1675614,30757,11560914,28767973,5849,1550,22,64253,78716,40328887,142969,0.04091096671306367,41874
2021-10-28,1752599,1677168,30783,11603148,28799842,4354,1554,26,42234,31869,40402990,74103,0.058756055760225634,44648
2021-10-29,1758351,1678972,30809,11648098,28886788,5752,1804,26,44950,86946,40534886,131896,0.04361011706192758,48570
2021-10-30,1763408,1679794,30832,11686148,28918944,5057,822,23,38050,32156,40605092,70206,0.07203088055151981,52782
2021-10-31,1766184,1680755,30863,11710833,28956982,2776,961,31,24685,38038,40667815,62723,0.044258087145066405,54566
2021-11-01,1773788,1684178,30894,11775060,29005519,7604,3423,31,64227,48537,40780579,112764,0.06743286864602178,58716
2021-11-02,1783706,1687382,30929,11835168,29038811,9918,3204,35,60108,33292,40873979,93400,0.10618843683083512,65395
2021-11-03,1793175,1690994,30974,11878007,29076625,9469,3612,45,42839,37814,40954632,80653,0.117404188312896,71207
2021-11-04,1801632,1694706,31019,11921694,29117945,8457,3712,45,43687,41320,41039639,85007,0.09948592468855506,75907
2021-11-05,1810875,1698935,31076,11972081,29183334,9243,4229,57,50387,65389,41155415,115776,0.07983519900497513,80864
2021-11-06,1816614,1701041,31126,12007189,29220007,5739,2106,50,35108,36673,41227196,71781,0.07995151920424624,84447
2021-11-07,1819623,1703359,31165,12025477,29244825,3009,2318,39,18288,24818,41270302,43106,0.06980466756368023,85099
2021-11-08,1828891,1710023,31213,12075325,29299204,9268,6664,48,49848,54379,41374529,104227,0.08892129678490218,87655
2021-11-09,1843450,1715580,31273,12144506,29337893,14559,5557,60,69181,38689,41482399,107870,0.1349680170575693,96597
2021-11-10,1856966,1721816,31345,12208637,29379031,13516,6236,72,64131,41138,41587668,105269,0.1283948740844883,103805
2021-11-11,1867378,1724926,31414,12272794,29427541,10412,3110,69,64157,48510,41700335,112667,0.09241392776944447,111038
2021-11-12,1881604,1732310,31482,12345864,29493046,14226,7384,68,73070,65505,41838910,138575,0.10265920981418004,117812
2021-11-13,1890776,1735969,31554,12391842,29527443,9172,3659,72,45978,34397,41919285,80375,0.11411508553654744,123253
2021-11-14,1896439,1739632,31615,12420181,29551551,5663,3663,61,28339,24108,41971732,52447,0.10797567067706447,125192
2021-11-15,1907978,1749815,31705,12487033,29609312,11539,10183,90,66852,57761,42096345,124613,0.09259868553040213,126458
2021-11-16,1930487,1758651,31771,12582484,29658806,22509,8836,66,95451,49494,42241290,144945,0.15529338714684882,140065
2021-11-17,1944632,1767149,31853,12644246,29682130,14145,8498,82,61762,23324,42326376,85086,0.16624356533389748,145630
2021-11-18,1958042,1775403,31971,12708487,29731795,13410,8254,118,64241,49665,42440282,113906,0.11772865345109125,150668
2021-11-19,1980996,1784635,32078,12800000,29795895,22954,9232,107,91513,64100,42595895,155613,0.14750695635968716,164283
2021-11-20,1995407,1784889,32163,12865683,29828834,14411,254,85,65683,32939,42694517,98622,0.14612358297337308,178355
2021-11-21,2003662,1785024,32265,12901756,29854053,8255,135,102,36073,25219,42755809,61292,0.13468315603993997,186373
2021-11-22,2018154,1785495,32360,12978292,29895359,14492,471,95,76536,41306,42873651,117842,0.12297822508104071,200299
2021-11-23,2044018,1785831,32408,13063998,29920365,25864,336,48,85706,25006,42984363,110712,0.233615145603006,225779
