date,positive_total,tested_total,deceased_total,recovered_total,positive_daily,recovered_daily,deceased_daily,tested_daily,active,positive_increase,positive_increase_5d,growth_factor,ones
2020-01-27,0,20,0,0,,,,,0,,,,1
2020-01-28,0,28,0,0,0.0,0.0,0.0,8.0,0,,,,1
2020-01-29,0,33,0,0,0.0,0.0,0.0,5.0,0,,,,1
2020-01-30,0,34,0,0,0.0,0.0,0.0,1.0,0,,,,1
2020-01-31,0,37,0,0,0.0,0.0,0.0,3.0,0,,,,1
2020-02-01,0,38,0,0,0.0,0.0,0.0,1.0,0,,,,1
2020-02-02,0,43,0,0,0.0,0.0,0.0,5.0,0,,,,1
2020-02-03,0,48,0,0,0.0,0.0,0.0,5.0,0,,,,1
2020-02-04,0,53,0,0,0.0,0.0,0.0,5.0,0,,,,1
2020-02-05,0,53,0,0,0.0,0.0,0.0,0.0,0,,,,1
2020-02-06,0,56,0,0,0.0,0.0,0.0,3.0,0,,,,1
2020-02-07,0,62,0,0,0.0,0.0,0.0,6.0,0,,,,1
2020-02-08,0,62,0,0,0.0,0.0,0.0,0.0,0,,,,1
2020-02-09,0,64,0,0,0.0,0.0,0.0,2.0,0,,,,1
2020-02-10,0,72,0,0,0.0,0.0,0.0,8.0,0,,,,1
2020-02-11,0,74,0,0,0.0,0.0,0.0,2.0,0,,,,1
2020-02-12,0,75,0,0,0.0,0.0,0.0,1.0,0,,,,1
2020-02-13,0,76,0,0,0.0,0.0,0.0,1.0,0,,,,1
2020-02-14,0,76,0,0,0.0,0.0,0.0,0.0,0,,,,1
2020-02-15,0,77,0,0,0.0,0.0,0.0,1.0,0,,,,1
2020-02-16,0,78,0,0,0.0,0.0,0.0,1.0,0,,,,1
2020-02-17,0,80,0,0,0.0,0.0,0.0,2.0,0,,,,1
2020-02-18,0,80,0,0,0.0,0.0,0.0,0.0,0,,,,1
2020-02-19,0,82,0,0,0.0,0.0,0.0,2.0,0,,,,1
2020-02-20,0,82,0,0,0.0,0.0,0.0,0.0,0,,,,1
2020-02-21,0,82,0,0,0.0,0.0,0.0,0.0,0,,,,1
2020-02-22,0,83,0,0,0.0,0.0,0.0,1.0,0,,,,1
2020-02-23,0,86,0,0,0.0,0.0,0.0,3.0,0,,,,1
2020-02-24,0,98,0,0,0.0,0.0,0.0,12.0,0,,,,1
2020-02-25,0,112,0,0,0.0,0.0,0.0,14.0,0,,,,1
2020-02-26,0,135,0,0,0.0,0.0,0.0,23.0,0,,,,1
2020-02-27,0,170,0,0,0.0,0.0,0.0,35.0,0,,,,1
2020-02-28,0,193,0,0,0.0,0.0,0.0,23.0,0,,,,1
2020-02-29,0,200,0,0,0.0,0.0,0.0,7.0,0,,,,1
2020-03-01,3,211,0,0,3.0,0.0,0.0,11.0,3,inf,,inf,1
2020-03-02,3,262,0,0,0.0,0.0,0.0,51.0,3,0.0,,0.0,1
2020-03-03,5,340,0,0,2.0,0.0,0.0,78.0,5,0.6666666666666666,,inf,1
2020-03-04,5,407,0,0,0.0,0.0,0.0,67.0,5,0.0,,0.0,1
2020-03-05,8,483,0,0,3.0,0.0,0.0,76.0,8,0.6,inf,inf,1
2020-03-06,19,594,0,0,11.0,0.0,0.0,111.0,19,1.375,0.5283333333333333,3.6666666666666665,1
2020-03-07,26,787,0,0,7.0,0.0,0.0,193.0,26,0.3684210526315789,0.6020175438596491,0.6363636363636364,1
2020-03-08,32,928,0,0,6.0,0.0,0.0,141.0,32,0.23076923076923078,0.5148380566801619,0.8571428571428571,1
2020-03-09,38,1193,0,0,6.0,0.0,0.0,265.0,38,0.1875,0.5523380566801619,1.0,1
2020-03-10,63,1358,0,0,25.0,0.0,0.0,165.0,63,0.6578947368421053,0.563917004048583,4.166666666666667,1
2020-03-11,94,1816,0,0,31.0,0.0,0.0,458.0,94,0.49206349206349204,0.38732970246128146,1.24,1
2020-03-12,116,2353,0,0,22.0,0.0,0.0,537.0,116,0.23404255319148937,0.36045400257326354,0.7096774193548387,1
2020-03-13,141,3198,0,0,25.0,0.0,0.0,845.0,141,0.21551724137931033,0.35740360469527943,1.1363636363636365,1
2020-03-14,189,4184,0,24,48.0,24.0,0.0,986.0,165,0.3404255319148936,0.38798871107825816,1.92,1
2020-03-15,298,5212,0,27,109.0,3.0,0.0,1028.0,271,0.5767195767195767,0.37175367905375245,2.2708333333333335,1
2020-03-16,383,6531,0,27,85.0,0.0,0.0,1319.0,356,0.28523489932885904,0.3303879605068258,0.7798165137614679,1
2020-03-17,450,7825,0,27,67.0,0.0,0.0,1294.0,423,0.17493472584856398,0.31856639503824075,0.788235294117647,1
2020-03-18,560,9581,0,27,110.0,0.0,0.0,1756.0,533,0.24444444444444444,0.3243518356512676,1.6417910447761195,1
2020-03-19,765,11840,0,28,205.0,1.0,0.0,2259.0,737,0.36607142857142855,0.32948101498257454,1.8636363636363635,1
2020-03-20,889,13961,0,32,124.0,4.0,0.0,2121.0,857,0.16209150326797386,0.24655540029225395,0.6048780487804878,1
2020-03-21,1047,15843,0,33,158.0,1.0,0.0,1882.0,1014,0.17772778402699663,0.2250539772318815,1.2741935483870968,1
2020-03-22,1161,17644,1,33,114.0,0.0,1.0,1801.0,1127,0.10888252148997135,0.21184353636016295,0.7215189873417721,1
2020-03-23,1287,19935,1,37,126.0,4.0,0.0,2291.0,1249,0.10852713178294573,0.1846600738278632,1.105263157894737,1
2020-03-24,1472,22997,3,38,185.0,1.0,2.0,3062.0,1431,0.14374514374514374,0.14019481686260626,1.4682539682539681,1
2020-03-25,1763,27104,9,41,291.0,3.0,6.0,4107.0,1713,0.19769021739130435,0.14731455968727236,1.572972972972973,1
2020-03-26,2022,31737,10,49,259.0,8.0,1.0,4633.0,1963,0.14690867838910948,0.14115073855969493,0.8900343642611683,1
2020-03-27,2395,37096,12,61,373.0,12.0,2.0,5359.0,2322,0.18447082096933728,0.1562683984555681,1.4401544401544402,1
2020-03-28,2657,41320,17,65,262.0,4.0,5.0,4224.0,2575,0.10939457202505219,0.15644188650398944,0.7024128686327078,1
2020-03-29,2817,44168,23,77,160.0,12.0,6.0,2848.0,2717,0.06021829130598419,0.1397365160161575,0.6106870229007634,1
2020-03-30,3001,49327,28,104,184.0,27.0,5.0,5159.0,2869,0.0653177138800142,0.11326201531389948,1.15,1
2020-03-31,3308,55988,35,119,307.0,15.0,7.0,6661.0,3154,0.10229923358880373,0.10434012635383831,1.6684782608695652,1
2020-04-01,3589,62090,43,159,281.0,40.0,8.0,6102.0,3387,0.08494558645707376,0.08443507945138562,0.9153094462540716,1
2020-04-02,3858,68763,48,194,269.0,35.0,5.0,6673.0,3616,0.0749512398996935,0.07754641302631389,0.9572953736654805,1
2020-04-03,4190,76161,57,251,332.0,57.0,9.0,7398.0,3882,0.08605495075168482,0.082713744915454,1.2342007434944238,1
2020-04-04,4472,81998,65,292,282.0,41.0,8.0,5837.0,4115,0.06730310262529833,0.08311082266451084,0.8493975903614458,1
2020-04-05,4587,86810,75,331,115.0,39.0,10.0,4812.0,4181,0.02571556350626118,0.06779408864800232,0.4078014184397163,1
2020-04-06,4822,93245,82,416,235.0,85.0,7.0,6435.0,4324,0.05123174187922389,0.061051319732432344,2.0434782608695654,1
2020-04-07,5017,101418,91,527,195.0,111.0,9.0,8173.0,4399,0.04043965159684778,0.0541490020718632,0.8297872340425532,1
2020-04-08,5312,109887,106,629,295.0,102.0,15.0,8469.0,4577,0.058800079728921664,0.04869802786731057,1.5128205128205128,1
2020-04-09,5569,118067,116,795,257.0,166.0,10.0,8180.0,4658,0.04838102409638554,0.04491361216152801,0.8711864406779661,1
2020-04-10,5732,123769,126,921,163.0,126.0,10.0,5702.0,4685,0.029269168611959058,0.045624333182667585,0.6342412451361867,1
2020-04-11,5902,128660,136,1042,170.0,121.0,10.0,4891.0,4724,0.029658060013956735,0.04130959680961415,1.0429447852760736,1
2020-04-12,5991,131910,146,1142,89.0,100.0,10.0,3250.0,4703,0.0150796340223653,0.036237593294717665,0.5235294117647059,1
2020-04-13,6059,135125,156,1242,68.0,100.0,10.0,3215.0,4661,0.011350358871640794,0.026747649123261486,0.7640449438202247,1
2020-04-14,6141,141298,164,1425,82.0,183.0,8.0,6173.0,4552,0.013533586400396105,0.0197781615840636,1.2058823529411764,1
2020-04-15,6301,149774,164,1618,160.0,193.0,0.0,8476.0,4519,0.026054388536069045,0.019135205568885597,1.951219512195122,1
2020-04-16,6433,158155,166,1876,132.0,258.0,2.0,8381.0,4391,0.02094905570544358,0.017393404707182963,0.825,1
2020-04-17,6549,166443,173,2173,116.0,297.0,7.0,8288.0,4203,0.018032022384579512,0.017983882379625806,0.8787878787878788,1
2020-04-18,6654,172048,178,2317,105.0,144.0,5.0,5605.0,4159,0.01603298213467705,0.018920407032233057,0.9051724137931034,1
2020-04-19,6746,176075,187,2457,92.0,140.0,9.0,4027.0,4102,0.013826269912834385,0.018978943734720713,0.8761904761904762,1
2020-04-20,6900,182642,195,2683,154.0,226.0,8.0,6567.0,4022,0.02282834272161281,0.01833373457182947,1.673913043478261,1
2020-04-21,7033,190983,204,2900,133.0,217.0,9.0,8341.0,3929,0.01927536231884058,0.017998995894508867,0.8636363636363636,1
2020-04-22,7132,199801,206,3194,99.0,294.0,2.0,8818.0,3732,0.01407649651642258,0.01720789072087748,0.7443609022556391,1
2020-04-23,7187,207702,210,3422,55.0,228.0,4.0,7901.0,3555,0.007711721817162087,0.015543638657374487,0.5555555555555556,1
2020-04-24,7273,214831,217,3663,86.0,241.0,7.0,7129.0,3393,0.011966049812160847,0.015171594637239782,1.5636363636363637,1
2020-04-25,7352,219277,221,3795,79.0,132.0,4.0,4446.0,3336,0.010862092671524819,0.012778344627222183,0.9186046511627907,1
2020-04-26,7404,222658,224,3869,52.0,74.0,3.0,3381.0,3311,0.007072905331882481,0.010337853229830562,0.6582278481012658,1
2020-04-27,7445,230412,225,4046,41.0,177.0,1.0,7754.0,3174,0.005537547271745003,0.008630063380895047,0.7884615384615384,1
2020-04-28,7504,239153,229,4179,59.0,133.0,4.0,8741.0,3096,0.007924781732706514,0.008672675364003932,1.4390243902439024,1
2020-04-29,7579,246475,232,4351,75.0,172.0,3.0,7322.0,2996,0.009994669509594883,0.00827839930349074,1.271186440677966,1
2020-04-30,7682,253871,242,4540,103.0,189.0,10.0,7396.0,2900,0.013590183401504157,0.008824017449486608,1.3733333333333333,1
2020-05-01,7737,258368,249,4650,55.0,110.0,7.0,4497.0,2838,0.007159593855766727,0.008841355154263457,0.5339805825242718,1
2020-05-02,7755,262253,250,4742,18.0,92.0,1.0,3885.0,2763,0.0023264831329972858,0.008199142326513913,0.32727272727272727,1
2020-05-03,7781,266134,253,4849,26.0,107.0,3.0,3881.0,2679,0.003352675693101225,0.007284721118592856,1.4444444444444444,1
2020-05-04,7819,273890,258,5004,38.0,155.0,5.0,7756.0,2557,0.004883691042282483,0.006262525425130375,1.4615384615384615,1
2020-05-05,7896,283273,260,5160,77.0,156.0,2.0,9383.0,2476,0.009847806624888093,0.005514050069807162,2.026315789473684,1
2020-05-06,7974,291325,264,5327,78.0,167.0,4.0,8052.0,2383,0.009878419452887538,0.0060578151892313244,1.0129870129870129,1
2020-05-07,8031,298924,268,5486,57.0,159.0,4.0,7599.0,2277,0.0071482317531978935,0.007022164913271447,0.7307692307692307,1
2020-05-08,8077,303434,272,5548,46.0,62.0,4.0,4510.0,2257,0.005727804756568298,0.007497190725964861,0.8070175438596491,1
2020-05-09,8095,307222,276,5618,18.0,70.0,4.0,3788.0,2201,0.002228550204283769,0.006966162558365119,0.391304347826087,1
2020-05-10,8123,311274,279,5668,28.0,50.0,3.0,4052.0,2176,0.0034589252625077207,0.0056883862858890435,1.5555555555555556,1
2020-05-11,8176,319083,281,5792,53.0,124.0,2.0,7809.0,2103,0.006524682998892035,0.005017638995089943,1.8928571428571428,1
2020-05-12,8221,327838,284,5878,45.0,86.0,3.0,8755.0,2059,0.005503913894324853,0.004688775423315335,0.8490566037735849,1
2020-05-13,8269,335525,288,6007,48.0,129.0,4.0,7687.0,1974,0.005838705753557961,0.004710955622713268,1.0666666666666667,1
2020-05-14,8351,342427,291,6099,82.0,92.0,3.0,6902.0,1961,0.009916555810859838,0.006248556744028482,1.7083333333333333,1
2020-05-15,8406,349217,293,6174,55.0,75.0,2.0,6790.0,1939,0.00658603760028739,0.006873979211584416,0.6707317073170732,1
2020-05-16,8455,353414,294,6213,49.0,39.0,1.0,4197.0,1948,0.00582916964073281,0.006734876539952571,0.8909090909090909,1
2020-05-17,8475,356967,296,6261,20.0,48.0,2.0,3553.0,1918,0.002365464222353637,0.006107186605558328,0.40816326530612246,1
2020-05-18,8586,364425,299,6342,111.0,81.0,3.0,7458.0,1945,0.013097345132743363,0.007558914481395408,5.55,1
2020-05-19,8647,372761,301,6388,61.0,46.0,2.0,8336.0,1958,0.007104588865595155,0.006996521092342471,0.5495495495495496,1
2020-05-20,8721,380279,306,6476,74.0,88.0,5.0,7518.0,1939,0.008557881346131606,0.007390889841511314,1.2131147540983607,1
2020-05-21,8754,387569,309,6555,33.0,79.0,3.0,7290.0,1890,0.003783969728242174,0.006981849859013187,0.44594594594594594,1
2020-05-22,8813,395317,311,6611,59.0,56.0,2.0,7748.0,1891,0.00673977610235321,0.007856712235013101,1.7878787878787878,1
2020-05-23,8890,400376,312,6648,77.0,37.0,1.0,5059.0,1930,0.008737092930897538,0.006984661794643937,1.305084745762712,1
2020-05-24,8955,404225,313,6674,65.0,26.0,1.0,3849.0,1968,0.007311586051743532,0.0070260612318736124,0.8441558441558441,1
2020-05-25,9002,411733,314,6751,47.0,77.0,1.0,7508.0,1937,0.005248464544946957,0.0063641778716366825,0.7230769230769231,1
2020-05-26,9050,418974,314,6816,48.0,65.0,0.0,7241.0,1920,0.005332148411464119,0.00667381360828107,1.0212765957446808,1
2020-05-27,9086,425820,314,6885,36.0,69.0,0.0,6846.0,1887,0.003977900552486188,0.006121438498307667,0.75,1
2020-05-28,9140,431833,316,6921,54.0,36.0,2.0,6013.0,1903,0.005943209333039842,0.005562661778736128,1.5,1
2020-05-29,9196,437946,316,6973,56.0,52.0,0.0,6113.0,1907,0.00612691466083151,0.005325727500553723,1.037037037037037,1
2020-05-30,9230,441494,316,7001,34.0,28.0,0.0,3548.0,1913,0.0036972596781209223,0.005015486527188516,0.6071428571428571,1
2020-05-31,9268,443635,316,7017,38.0,16.0,0.0,2141.0,1935,0.004117009750812568,0.004772458795058205,1.1176470588235294,1
2020-06-01,9302,449356,318,7055,34.0,38.0,2.0,5721.0,1929,0.0036685369011653,0.004710586064794029,0.8947368421052632,1
2020-06-02,9364,455834,319,7109,62.0,54.0,1.0,6478.0,1936,0.00666523328316491,0.004854990854819043,1.8235294117647058,1
2020-06-03,9438,461147,320,7164,74.0,55.0,1.0,5313.0,1954,0.007902605724049551,0.00521012906746265,1.1935483870967742,1
2020-06-04,9494,466158,323,7201,56.0,37.0,3.0,5011.0,1970,0.005933460478915025,0.005657369227621471,0.7567567567567568,1
2020-06-05,9529,470331,323,7252,35.0,51.0,0.0,4173.0,1954,0.0036865388666526226,0.005571275050789482,0.625,1
2020-06-06,9567,472481,323,7262,38.0,10.0,0.0,2150.0,1982,0.003987826634484206,0.005635132997453263,1.0857142857142856,1
2020-06-07,9628,474608,324,7278,61.0,16.0,1.0,2127.0,2026,0.006376084456987561,0.005577303232217794,1.605263157894737,1
2020-06-08,9697,479292,324,7318,69.0,40.0,0.0,4684.0,2055,0.0071665974241794765,0.005430101572243778,1.1311475409836065,1
2020-06-09,9751,483844,325,7343,54.0,25.0,1.0,4552.0,2083,0.005568732597710633,0.005357155996002899,0.782608695652174,1
2020-06-10,9824,487912,326,7394,73.0,51.0,1.0,4068.0,2104,0.007486411650087171,0.006117130552689811,1.3518518518518519,1
2020-06-11,9886,491651,327,7422,62.0,28.0,1.0,3739.0,2137,0.0063110749185667754,0.006581780209506323,0.8493150684931506,1
2020-06-12,9938,495377,328,7455,52.0,33.0,1.0,3726.0,2155,0.005259963584867489,0.006358556035082308,0.8387096774193549,1
2020-06-13,9991,497029,328,7465,53.0,10.0,0.0,1652.0,2198,0.005333065003018716,0.005991849550850156,1.0192307692307692,1
2020-06-14,10024,498150,329,7472,33.0,7.0,1.0,1121.0,2223,0.003302972675407867,0.005538697566389603,0.6226415094339622,1
2020-06-15,10064,501823,330,7490,40.0,18.0,1.0,3673.0,2244,0.0039904229848363925,0.004839499833339448,1.2121212121212122,1
2020-06-16,10111,505846,331,7517,47.0,27.0,1.0,4023.0,2263,0.004670111287758347,0.0045113071071777614,1.175,1
2020-06-17,10162,509882,332,7554,51.0,37.0,1.0,4036.0,2276,0.005044011472653546,0.004468116684734973,1.0851063829787233,1
2020-06-18,10280,514285,334,7583,118.0,29.0,2.0,4403.0,2363,0.011611887423735485,0.005723881168878327,2.3137254901960786,1
2020-06-19,10406,517859,335,7626,126.0,43.0,1.0,3574.0,2445,0.0122568093385214,0.007514648501501034,1.0677966101694916,1
2020-06-20,10448,519558,336,7631,42.0,5.0,1.0,1699.0,2481,0.004036133000192197,0.007523790504572195,0.3333333333333333,1
2020-06-21,10498,520871,337,7639,50.0,8.0,1.0,1313.0,2522,0.004785604900459418,0.007546889227112411,1.1904761904761905,1
2020-06-22,10561,524781,338,7663,63.0,24.0,1.0,3910.0,2560,0.006001143074871404,0.0077383155475559805,1.26,1
2020-06-23,10650,529348,338,7691,89.0,28.0,0.0,4567.0,2621,0.008427232269671433,0.00710138451674317,1.4126984126984128,1
2020-06-24,10777,533635,342,7732,127.0,41.0,4.0,4287.0,2703,0.01192488262910798,0.007034999174860486,1.4269662921348314,1
2020-06-25,10870,537682,343,7773,93.0,41.0,1.0,4047.0,2754,0.008629488725990536,0.007953670320020154,0.7322834645669292,1
2020-06-26,11038,542215,344,7820,168.0,47.0,1.0,4533.0,2874,0.015455381784728611,0.010087625696873992,1.8064516129032258,1
2020-06-27,11298,544769,344,7833,260.0,13.0,0.0,2554.0,3121,0.023554991846348978,0.013598395451169507,1.5476190476190477,1
2020-06-28,11603,547192,344,7842,305.0,9.0,0.0,2423.0,3417,0.02699592848291733,0.017312134693818686,1.1730769230769231,1
2020-06-29,11805,551677,344,7878,202.0,36.0,0.0,4485.0,3583,0.017409290700680858,0.018409016308133262,0.6622950819672131,1
2020-06-30,11954,556089,345,7901,149.0,23.0,1.0,4412.0,3708,0.012621770436255824,0.019207472650186318,0.7376237623762376,1
2020-07-01,12046,560682,345,7958,92.0,57.0,0.0,4593.0,3743,0.007696168646478166,0.017655630022536232,0.6174496644295302,1
2020-07-02,12178,565347,346,7992,132.0,34.0,1.0,4665.0,3840,0.010957994354972606,0.015136230524260958,1.434782608695652,1
2020-07-03,12319,570456,346,8013,141.0,21.0,0.0,5109.0,3960,0.011578255871243226,0.012052696001926136,1.0681818181818181,1
2020-07-04,12440,572143,348,8026,121.0,13.0,2.0,1687.0,4066,0.00982222583001867,0.010535283027793699,0.8581560283687943,1
2020-07-05,12515,573667,350,8036,75.0,10.0,2.0,1524.0,4129,0.006028938906752411,0.009216716721893016,0.6198347107438017,1
2020-07-06,12566,575381,351,8044,51.0,8.0,1.0,1714.0,4171,0.00407510986815821,0.008492504966229025,0.68,1
2020-07-07,12685,579497,351,8076,119.0,32.0,0.0,4116.0,4258,0.009469998408403629,0.008194905776915229,2.3333333333333335,1
2020-07-08,12814,584308,351,8111,129.0,35.0,0.0,4811.0,4352,0.010169491525423728,0.007913152907751329,1.084033613445378,1
