date,positive_total,recovered_total,deceased_total,tested_pcr_total,tested_ag_total,positive_daily,recovered_daily,deceased_daily,tested_pcr_daily,tested_ag_daily,tested_total,tested_daily,positive_ratio,active
2021-10-26,1742859,1673943,30735,11492405,28689282,6289,1374,16,61667,53335,40181687,115002,0.054686005460774595,38181
2021-10-27,1748724,1675495,30757,11556661,28768050,5865,1552,22,64256,78768,40324711,143024,0.04100710370287504,42472
2021-10-28,1753080,1677050,30783,11598896,28799970,4356,1555,26,42235,31920,40398866,74155,0.05874182455667184,45247
2021-10-29,1758833,1678853,30809,11643848,28886954,5753,1803,26,44952,86984,40530802,131936,0.043604474896919716,49171
2021-10-30,1763891,1679676,30832,11681898,28919114,5058,823,23,38050,32160,40601012,70210,0.07204101979774961,53383
2021-10-31,1766680,1680638,30863,11706567,28957174,2789,962,31,24669,38060,40663741,62729,0.044461094549570375,55179
2021-11-01,1774292,1684065,30894,11770799,29006359,7612,3427,31,64232,49185,40777158,113417,0.06711515910313269,59333
2021-11-02,1784229,1687271,30929,11830912,29040045,9937,3206,35,60113,33686,40870957,93799,0.10593929572809944,66029
2021-11-03,1793709,1690791,30974,11873756,29078149,9480,3520,45,42844,38104,40951905,80948,0.11711222019073973,71944
2021-11-04,1802185,1694404,31019,11917447,29120505,8476,3613,45,43691,42356,41037952,86047,0.09850430578637256,76762
2021-11-05,1811435,1698548,31076,11967844,29186327,9250,4144,57,50397,65822,41154171,116219,0.07959111677092386,81811
2021-11-06,1817177,1700612,31127,12002954,29223071,5742,2064,51,35110,36744,41226025,71854,0.07991204386672976,85438
2021-11-07,1820188,1702916,31166,12021245,29247970,3011,2304,39,18291,24899,41269215,43190,0.06971521185459598,86106
2021-11-08,1829473,1709455,31214,12071098,29303586,9285,6539,48,49853,55616,41374684,105469,0.08803534687917777,88804
2021-11-09,1844044,1714937,31276,12140389,29342920,14571,5482,62,69291,39334,41483309,108625,0.13414039125431532,97831
2021-11-10,1857598,1721115,31351,12204540,29384766,13554,6178,75,64151,41846,41589306,105997,0.12787154353425098,105132
2021-11-11,1868039,1724118,31422,12268756,29434149,10441,3003,71,64216,49383,41702905,113599,0.09191102034348894,112499
2021-11-12,1882285,1731388,31490,12341884,29500808,14246,7270,68,73128,66659,41842692,139787,0.10191219498236603,119407
2021-11-13,1891464,1735045,31564,12387903,29535397,9179,3657,74,46019,34589,41923300,80608,0.11387207225089321,124855
2021-11-14,1897147,1738729,31626,12416275,29559633,5683,3684,62,28372,24236,41975908,52608,0.10802539537712895,126792
2021-11-15,1908703,1748875,31719,12483146,29619802,11556,10146,93,66871,60169,42102948,127040,0.09096347607052897,128109
2021-11-16,1931234,1757629,31788,12578787,29671306,22531,8754,69,95641,51504,42250093,147145,0.1531210710523633,141817
2021-11-17,1945402,1766195,31870,12640678,29695216,14168,8566,82,61891,23910,42335894,85801,0.16512628057948042,147337
2021-11-18,1958881,1774361,31990,12705022,29747301,13479,8166,120,64344,52085,42452323,116429,0.11577012599953619,152530
2021-11-19,1981848,1783523,32101,12796685,29813539,22967,9162,111,91663,66238,42610224,157901,0.14545189707474937,166224
2021-11-20,1996261,1787168,32197,12862513,29846887,14413,3645,96,65828,33348,42709400,99176,0.14532749858836816,176896
2021-11-21,2004524,1790902,32309,12898623,29872870,8263,3734,112,36110,25983,42771493,62093,0.1330745816758733,181313
2021-11-22,2019030,1806815,32419,12976773,29920509,14506,15913,110,78150,47639,42897282,125789,0.11532009953175557,179796
2021-11-23,2044935,1820176,32535,13081541,29950118,25905,13361,116,104768,29609,43031659,134377,0.1927785260870536,192224
2021-11-24,2062973,1832966,32628,13183013,29977758,18038,12790,93,101472,27640,43160771,129112,0.13970816035689942,197379
2021-11-25,2090904,1845668,32741,13284075,30012931,27931,12702,113,101062,35173,43297006,136235,0.2050207362278416,212495
2021-11-26,2111272,1859032,32858,13384022,30042194,20368,13364,117,99947,29263,43426216,129210,0.15763485798312823,219382
2021-11-27,2123795,1864830,32953,13458460,30050085,12523,5798,95,74438,7891,43508545,82329,0.15210922032333685,226012
2021-11-28,2133098,1870666,33072,13508349,30060353,9303,5836,119,49889,10268,43568702,60157,0.15464534468141697,229360
2021-11-29,2150700,1893044,33177,13595497,30108232,17602,22378,105,87148,47879,43703729,135027,0.13035911336251269,224479
2021-11-30,2172693,1912256,33297,13709590,30136003,21993,19212,120,114093,27771,43845593,141864,0.1550287599390966,227140
2021-12-01,2193831,1920816,33434,13810199,30160649,21138,8560,137,100609,24646,43970848,125255,0.168759730150493,239581
2021-12-02,2212428,1941188,33557,13911431,30190968,18597,20372,123,101232,30319,44102399,131551,0.14136722639888713,237683
2021-12-03,2230096,1961757,33676,14011317,30215805,17668,20569,119,99886,24837,44227122,124723,0.14165791393728502,234663
2021-12-04,2241073,1970878,33784,14083179,30223105,10977,9121,108,71862,7300,44306284,79162,0.13866501604305095,236411
2021-12-05,2247403,1979278,33893,14122454,30231707,6330,8400,109,39275,8602,44354161,47877,0.1322137978570086,234232
2021-12-06,2262942,2006158,34014,14209704,30270198,15539,26880,121,87250,38491,44479902,125741,0.12357942119117869,222770
2021-12-07,2282422,2030966,34117,14313849,30293306,19480,24808,103,104145,23108,44607155,127253,0.15308087039205362,217339
2021-12-08,2298608,2051735,34228,14402609,30316406,16186,20769,111,88760,23100,44719015,111860,0.1446987305560522,212645
2021-12-09,2312848,2071145,34334,14490191,30342625,14240,19410,106,87582,26219,44832816,113801,0.1251307106264444,207369
2021-12-10,2325247,2071842,34445,14577401,30364496,12399,697,111,87210,21871,44941897,109081,0.11366782482742183,218960
2021-12-11,2334330,2072103,34536,14640067,30371180,9083,261,91,62666,6684,45011247,69350,0.13097332372025955,227691
2021-12-12,2338442,2072232,34641,14668434,30379056,4112,129,105,28367,7876,45047490,36243,0.11345639157906354,231569
2021-12-13,2350338,2072702,34697,14745705,30408932,11896,470,56,77271,29876,45154637,107147,0.11102504036510588,242939
