date,positive_total,recovered_total,deceased_total,tested_pcr_total,tested_ag_total,positive_daily,recovered_daily,deceased_daily,tested_pcr_daily,tested_ag_daily,tested_total,tested_daily,positive_ratio,active
2021-11-03,1793800,1690757,30976,11873756,29078149,9480,3521,45,42844,38104,40951905,80948,0.11711222019073973,72067
2021-11-04,1802282,1694370,31021,11917447,29120505,8482,3613,45,43691,42356,41037952,86047,0.09857403512034121,76891
2021-11-05,1811534,1698514,31078,11967844,29186327,9252,4144,57,50397,65822,41154171,116219,0.0796083256610365,81942
2021-11-06,1817278,1700578,31130,12002954,29223071,5744,2064,52,35110,36744,41226025,71854,0.07993987808611908,85570
2021-11-07,1820289,1702883,31169,12021245,29247970,3011,2305,39,18291,24899,41269215,43190,0.06971521185459598,86237
2021-11-08,1829575,1709422,31217,12071098,29303586,9286,6539,48,49853,55616,41374684,105469,0.08804482833818468,88936
2021-11-09,1844151,1714905,31280,12140389,29342920,14576,5483,63,69291,39334,41483309,108625,0.13418642117376295,97966
2021-11-10,1857708,1721083,31355,12204540,29384766,13557,6178,75,64151,41846,41589306,105997,0.12789984622206288,105270
2021-11-11,1868154,1724086,31426,12268756,29434149,10446,3003,71,64216,49383,41702905,113599,0.09195503481544733,112642
2021-11-12,1882408,1731357,31494,12341884,29500808,14254,7271,68,73128,66659,41842692,139787,0.10196942491075708,119557
2021-11-13,1891587,1735016,31568,12387903,29535397,9179,3659,74,46019,34589,41923300,80608,0.11387207225089321,125003
2021-11-14,1897277,1738701,31630,12416275,29559633,5690,3685,62,28372,24236,41975908,52608,0.10815845498783455,126946
2021-11-15,1908837,1748855,31723,12483147,29619810,11560,10154,93,66872,60177,42102957,127049,0.09098851624176499,128259
2021-11-16,1931370,1757616,31792,12578788,29671332,22533,8761,69,95641,51522,42250120,147163,0.15311593267329424,141962
2021-11-17,1945545,1766190,31874,12640681,29695281,14175,8574,82,61893,23949,42335962,85842,0.16512895785279932,147481
2021-11-18,1959040,1774371,31994,12705044,29747519,13495,8181,120,64363,52238,42452563,116601,0.1157365717275152,152675
2021-11-19,1982008,1783546,32107,12796709,29813877,22968,9175,113,91665,66358,42610586,158023,0.14534593065566404,166355
2021-11-20,1996423,1787198,32203,12862537,29847231,14415,3652,96,65828,33354,42709768,99182,0.14533887197273698,177022
2021-11-21,2004694,1790934,32315,12898652,29873218,8271,3736,112,36115,25987,42771870,62102,0.13318411645357636,181445
2021-11-22,2019204,1806848,32426,12976812,29921127,14510,15914,111,78160,47909,42897939,126069,0.11509570156025668,179930
2021-11-23,2045113,1819988,32542,13081588,29951129,25909,13140,116,104776,30002,43032717,134778,0.1922346377005149,192583
2021-11-24,2063157,1832586,32635,13183063,29978860,18044,12598,93,101475,27731,43161923,129206,0.13965295729300498,197936
2021-11-25,2091090,1845115,32749,13284129,30014291,27933,12529,114,101066,35431,43298420,136497,0.20464186026066508,213226
2021-11-26,2111460,1858216,32866,13384082,30043628,20370,13101,117,99953,29337,43427710,129290,0.15755278830536004,220378
2021-11-27,2123987,1863960,32961,13458526,30051525,12527,5744,95,74444,7897,43510051,82341,0.15213563109508021,227066
2021-11-28,2133290,1869767,33081,13508417,30061799,9303,5807,120,49891,10274,43570216,60165,0.15462478184991274,230442
2021-11-29,2150899,1891997,33189,13595568,30109779,17609,22230,108,87151,47980,43705347,135131,0.13031058750397762,225713
2021-11-30,2172911,1911115,33309,13709666,30137622,22012,19118,120,114098,27843,43847288,141941,0.15507851853939314,228487
2021-12-01,2194056,1919753,33448,13810298,30162823,21145,8638,139,100632,25201,43973121,125833,0.16804018023888806,240855
2021-12-02,2212663,1940291,33572,13911548,30193369,18607,20538,124,101250,30546,44104917,131796,0.14118030896233574,238800
2021-12-03,2230334,1961034,33691,14011453,30218351,17671,20743,119,99905,24982,44229804,124887,0.14149591230472347,235609
2021-12-04,2241314,1970245,33800,14083322,30225688,10980,9211,109,71869,7337,44309010,79206,0.13862586167714566,237269
2021-12-05,2247644,1978722,33910,14122600,30234335,6330,8477,110,39278,8647,44356935,47925,0.13208137715179968,235012
2021-12-06,2263190,2005782,34033,14209855,30273776,15546,27060,123,87255,39441,44483631,126696,0.12270316347793142,223375
2021-12-07,2282680,2030708,34141,14314026,30297152,19490,24926,108,104171,23376,44611178,127547,0.15280641645824677,217831
2021-12-08,2298866,2051562,34253,14402798,30320905,16186,20854,112,88772,23753,44723703,112525,0.14384359031326371,213051
2021-12-09,2313105,2071044,34365,14490387,30348918,14239,19482,112,87589,28013,44839305,115602,0.12317260947042438,207696
2021-12-10,2325502,2090189,34484,14577599,30371561,12397,19145,119,87212,22643,44949160,109855,0.11284875517727914,200829
2021-12-11,2334583,2098455,34584,14640268,30378565,9081,8266,100,62669,7004,45018833,69673,0.13033743343906534,201544
2021-12-12,2338696,2106033,34706,14668646,30386789,4113,7578,122,28378,8224,45055435,36602,0.11237090869351402,197957
2021-12-13,2350584,2133057,34817,14751586,30422198,11888,27024,111,82940,35409,45173784,118349,0.10044867299258971,182710
2021-12-14,2367277,2153652,34925,14848349,30444481,16693,20595,108,96763,22283,45292830,119046,0.14022310703425567,178700
2021-12-15,2378891,2172371,35048,14923811,30467365,11614,18719,123,75462,22884,45391176,98346,0.11809326256278853,171472
2021-12-16,2388383,2189447,35144,15002290,30495710,9492,17076,96,78479,28345,45498000,106824,0.08885643675578522,163792
2021-12-17,2397344,2205913,35223,15079204,30519196,8961,16466,79,76914,23486,45598400,100400,0.08925298804780876,156208
2021-12-18,2403328,2206125,35318,15128973,30529122,5984,212,95,49769,9926,45658095,59695,0.10024290141552894,161885
2021-12-19,2407070,2206255,35384,15158696,30538885,3742,130,66,29723,9763,45697581,39486,0.09476776579040673,165431
2021-12-20,2415653,2206808,35453,15232078,30568120,8583,553,69,73382,29235,45800198,102617,0.08364111209643627,173392
2021-12-21,2427478,2207268,35494,15308468,30587230,11825,460,41,76390,19110,45895698,95500,0.1238219895287958,184716
