date,positive_total,recovered_total,deceased_total,tested_pcr_total,tested_ag_total,positive_daily,recovered_daily,deceased_daily,tested_pcr_daily,tested_ag_daily,tested_total,tested_daily,positive_ratio,active,vaxs_active,vaxs_active_prcs
2021-12-17,2401045,2203232,35312,15080842,31612039,8962,16434,93,76928,24878,46692881,101806,0.08803017503879929,162501,5823984.0,0.544207191011362
2021-12-18,2407030,2210347,35416,15130624,31622243,5985,7115,104,49782,10204,46752867,59986,0.09977328043210082,161267,5824670.0,0.5442712925152524
2021-12-19,2410775,2216748,35486,15160349,31632348,3745,6401,70,29725,10105,46792697,39830,0.09402460456942004,158541,5820474.0,0.54387920809787
2021-12-20,2419375,2239099,35566,15233741,31666402,8600,22351,80,73392,34054,46900143,107446,0.08004020624313608,144710,5821249.0,0.5439516259776297
2021-12-21,2431221,2255628,35648,15316303,31688755,11846,16529,82,82562,22353,47005058,104915,0.1129104513177334,139945,5819713.0,0.5438080984120675
2021-12-22,2438917,2270394,35732,15395059,31709370,7696,14766,84,78756,20615,47104429,99371,0.07744714252649164,132791,5804370.0,0.5423744112776785
2021-12-23,2446279,2282876,35792,15484429,31725794,7362,12482,60,89370,16424,47210223,105794,0.06958806737622171,127611,5747914.0,0.537099025703862
2021-12-24,2448325,2295114,35872,15505196,31730385,2046,12238,80,20767,4591,47235581,25358,0.08068459657701711,117339,5662633.0,0.5291301622151162
2021-12-25,2449415,2300496,35940,15518814,31735823,1090,5382,68,13618,5438,47254637,19056,0.05719983207388749,112979,5484060.0,0.512443867966974
2021-12-26,2451430,2305424,36025,15539875,31745637,2015,4928,85,21061,9814,47285512,30875,0.06526315789473684,109981,5458555.0,0.5100606189046922
2021-12-27,2458294,2323666,36076,15595720,31770187,6864,18242,51,55845,24550,47365907,80395,0.08537844393308042,98552,5574523.0,0.5208969501046415
2021-12-28,2467372,2336647,36149,15655150,31787991,9078,12981,73,59430,17804,47443141,77234,0.11753890773493539,94576,5551830.0,0.518776461142855
2021-12-29,2473533,2347181,36224,15699203,31805591,6161,10534,75,44053,17600,47504794,61653,0.09993025481322888,90128,5522284.0,0.5160156112391429
2021-12-30,2479289,2355953,36282,15738784,31822195,5756,8772,58,39581,16604,47560979,56185,0.10244727240366645,87054,5481872.0,0.5122394159399882
2021-12-31,2484287,2364593,36337,15774294,31830696,4998,8640,55,35510,8501,47604990,44011,0.11356251846129377,83357,5403989.0,0.5049618395150637
2022-01-01,2485380,2368958,36383,15783008,31834934,1093,4365,46,8714,4238,47617942,12952,0.08438851142680667,80039,5370485.0,0.5018311444912373
2022-01-02,2487311,2372881,36435,15802604,31846510,1931,3923,52,19596,11576,47649114,31172,0.06194661876042602,77995,5361452.0,0.5009870790617297
2022-01-03,2496670,2385773,36495,15876052,31888449,9359,12892,60,73448,41939,47764501,115387,0.08110965706708728,74402,5399541.0,0.5045462076064564
2022-01-04,2506850,2394260,36555,15947594,31914307,10180,8487,60,71542,25858,47861901,97400,0.10451745379876796,76035,5451448.0,0.5093965235866903
2022-01-05,2514239,2401906,36595,16001183,31937170,7389,7646,40,53589,22863,47938353,76452,0.09664887772720138,75738,5458052.0,0.5100136173646675
2022-01-06,2520880,2407008,36653,16058449,31961130,6641,5102,58,57266,23960,48019579,81226,0.08175953512422131,77219,5479500.0,0.5120177705067112
2022-01-07,2527554,2407934,36699,16126777,31978371,6674,926,46,68328,17241,48105148,85569,0.07799553576645749,82921,5509094.0,0.5147831056468473
2022-01-08,2531517,2409627,36742,16167148,31985999,3963,1693,43,40371,7628,48153147,47999,0.0825642200879185,85148,5510428.0,0.5149077578424592
2022-01-09,2534281,2412964,36765,16191008,31994419,2764,3337,23,23860,8420,48185427,32280,0.08562577447335812,84552,5504905.0,0.5143916753264435
2022-01-10,2541643,2423045,36808,16262666,32031951,7362,10081,43,71658,37532,48294617,109190,0.06742375675428153,81790,5507787.0,0.5146609763967237
2022-01-11,2554022,2429784,36846,16340731,32054524,12379,6739,38,78065,22573,48395255,100638,0.12300522665394781,87392,5517774.0,0.5155941859001547
2022-01-12,2565490,2435255,36887,16406105,32075144,11468,5471,41,65374,20620,48481249,85994,0.1333581412656697,93348,5525176.0,0.5162858467336779
2022-01-13,2577183,2440835,36920,16476182,32099229,11693,5580,33,70077,24085,48575411,94162,0.12417960536097364,99428,5536849.0,0.5173766001664957
2022-01-14,2590412,2444083,36953,16557874,32118411,13229,3248,33,81692,19182,48676285,100874,0.1311438031603783,109376,5547545.0,0.5183760603496036
2022-01-15,2599705,2445126,36978,16619189,32124363,9293,1043,25,61315,5952,48743552,67267,0.13815095068904515,117601,5538003.0,0.5174844327255184
2022-01-16,2606951,2449562,37007,16653583,32132209,7246,4436,29,34394,7846,48785792,42240,0.1715435606060606,120382,5523137.0,0.5160953176280911
2022-01-17,2627262,2461675,37035,16745759,32196454,20311,12113,28,92176,64245,48942213,156421,0.12984829402701684,128552,5503796.0,0.5142880476765681
2022-01-18,2655766,2469740,37060,16855469,32228327,28504,8065,25,109710,31873,49083796,141583,0.2013236052350918,148966,5488116.0,0.5128228704447869
2022-01-19,2681789,2476446,37087,16958106,32248621,26023,6706,27,102637,20294,49206727,122931,0.21168785741594878,168256,5474809.0,0.5115794320887083
2022-01-20,2708730,2483190,37106,17064241,32290195,26941,6744,19,106135,41574,49354436,147709,0.1823924066915354,188434,5465104.0,0.5106725733492672
2022-01-21,2735356,2501068,37127,17188042,32319448,26626,17878,21,123801,29253,49507490,153054,0.1739647444692723,197161,5464924.0,0.5106557537126778
2022-01-22,2753713,2514018,37149,17275010,32327337,18357,12950,22,86968,7889,49602347,94857,0.193522881811569,202546,5445860.0,0.5088743673130173
2022-01-23,2766615,2530081,37167,17327199,32335826,12902,16063,18,52189,8489,49663025,60678,0.21263060746893436,199367,5428076.0,0.5072125872179919
2022-01-24,2797011,2554026,37189,17447212,32396207,30396,23945,22,120013,60381,49843419,180394,0.1684978436089892,205796,5413151.0,0.5058179590174604
2022-01-25,2836651,2561346,37204,17594429,32426566,39640,7320,15,147217,30359,50020995,177576,0.22322836419335945,238101,5401070.0,0.5046890810750402
2022-01-26,2891353,2570292,37225,17739413,32447991,54702,8946,21,144984,21425,50187404,166409,0.32872020143141295,283836,5392293.0,0.5038689369064595
2022-01-27,2926170,2601746,37252,17877741,32488729,34817,31454,27,138328,40738,50366470,179066,0.1944366881485039,287172,5386977.0,0.5033721969725214
2022-01-28,2973446,2626343,37275,18034300,32518277,47276,24597,23,156559,29548,50552577,186107,0.2540259098260678,309828,5397202.0,0.5043276457732206
2022-01-29,2991733,2651159,37302,18138145,32524786,18287,24816,27,103845,6509,50662931,110354,0.1657121626764775,303272,5388147.0,0.5034815246103521
2022-01-30,3015675,2677102,37330,18200759,32533117,23942,25943,28,62614,8331,50733876,70945,0.33747269011205866,301243,5375871.0,0.5023344253949601
2022-01-31,3045232,2703873,37364,18319487,32589748,29557,26771,34,118728,56631,50909235,175359,0.16855137175736631,303995,5365255.0,0.501342440605892
2022-02-01,3102475,2718036,37408,18475881,32618712,57243,14163,44,156394,28964,51094593,185358,0.30882400543812516,347031,5352804.0,0.5001789889660381
2022-02-02,3145812,2735100,37448,18611494,32638295,43337,17064,40,135613,19583,51249789,155196,0.279240444341349,373264,5341807.0,0.4991514026128558
2022-02-03,3183502,2788795,37487,18745008,32674685,37690,53695,39,133514,36390,51419693,169904,0.22183115170920048,357220,5325911.0,0.4976660418171674
2022-02-04,3212228,2833601,37541,18865926,32701246,28726,44806,54,120918,26561,51567172,147479,0.1947802738016938,341086,5316356.0,0.4967731994415507
2022-02-05,3236238,2873569,37589,18938726,32707276,24010,39968,48,72800,6030,51646002,78830,0.30457947481923126,325080,5301814.0,0.4954143596899842
2022-02-06,3245308,2913094,37635,18978307,32714554,9070,39525,46,39581,7278,51692861,46859,0.19355940160908255,294579,5286586.0,0.49399141843452726
2022-02-07,3274937,2949896,37695,19080114,32763325,29629,36802,60,101807,48771,51843439,150578,0.19676845223073755,287346,5254509.0,0.49099406575188403
2022-02-08,3312732,2966128,37748,19193317,32786891,37795,16232,53,113203,23566,51980208,136769,0.2763418610942538,308856,5230989.0,0.4887962999042122
2022-02-09,3341785,2984042,37793,19281442,32803318,29053,17914,45,88125,16427,52084760,104552,0.2778808631111791,319950,5204300.0,0.4863024150101427
2022-02-10,3364457,3040983,37849,19366210,32835439,22672,56941,56,84768,32121,52201649,116889,0.19396179281198403,285625,5181534.0,0.48417510475129505
2022-02-11,3386598,3086922,37907,19448126,32858110,22141,45939,58,81916,22671,52306236,104587,0.21169935077973362,261769,5161894.0,0.48233989551454864
2022-02-12,3397552,3123354,37971,19493986,32862701,10954,36432,64,45860,4591,52356687,50451,0.21712156349725475,236227,5150372.0,0.48126325188798086
2022-02-13,3404746,3157178,38027,19521100,32869239,7194,33824,56,27114,6538,52390339,33652,0.2137762985855224,209541,5137520.0,0.480062329835503
2022-02-14,3424224,3185080,38075,19597558,32913341,19478,27902,48,76458,44102,52510899,120560,0.16156270736562708,201069,5109987.0,0.4774895795343147
2022-02-15,3452511,3196755,38122,19681412,32934866,28287,11675,47,83854,21525,52616278,105379,0.26843109158371214,217634,5092804.0,0.47588395833701264
2022-02-16,3469506,3209454,38175,19741277,32949001,16995,12699,53,59865,14135,52690278,74000,0.22966216216216218,221877,5065074.0,0.47329279987800155
2022-02-17,3485031,3254198,38231,19799831,32978022,15525,44744,56,58554,29021,52777853,87575,0.17727662003996575,192602,5032188.0,0.47021985227313184
2022-02-18,3498806,3284266,38289,19855676,32998734,13775,30068,58,55845,20712,52854410,76557,0.17993129302349883,176251,5000053.0,0.46721707992980976
2022-02-19,3507029,3308154,38343,19889381,33003052,8223,23888,54,33705,4318,52892433,38023,0.2162638403071825,160532,4975210.0,0.4648956897532064
2022-02-20,3511301,3330415,38392,19908150,33008516,4272,22261,49,18769,5464,52916666,24233,0.17628853216687987,142494,4947214.0,0.46227967560901334
2022-02-21,3524757,3349538,38449,19954459,33028996,13456,19123,57,46309,20480,52983455,66789,0.20147030199583763,136770,4898806.0,0.4577563146755908
2022-02-22,3538966,3357585,38507,19999026,33041866,14209,8047,58,44567,12870,53040892,57437,0.2473840903946933,142874,4871034.0,0.4551612316347089
2022-02-23,3550176,3366322,38547,20036785,33053245,11210,8737,40,37759,11379,53090030,49138,0.22813301314664822,145307,4849459.0,0.45314521130462726
2022-02-24,3560208,3397874,38603,20074794,33065895,10032,31552,56,38009,12650,53140689,50659,0.19802996506050258,123731,4812763.0,0.4497162480586168
2022-02-25,3569328,3417608,38646,20111802,33076273,9120,19734,43,37008,10378,53188075,47386,0.19246190858059342,113074,4779645.0,0.44662162181103193
2022-02-26,3574920,3433224,38689,20133949,33080066,5592,15616,43,22147,3793,53214015,25940,0.21557440246723208,103007,4748461.0,0.4437077132143568
2022-02-27,3578246,3447963,38737,20148393,33084465,3326,14739,48,14444,4399,53232858,18843,0.17651117125723081,91546,4738795.0,0.44280449872951005
2022-02-28,3588396,3461437,38792,20187441,33103160,10150,13474,55,39048,18695,53290601,57743,0.17577888228876226,88167,4704990.0,0.4396456775356093
2022-03-01,3600022,3467170,38830,20221783,33114610,11626,5733,38,34342,11450,53336393,45792,0.25388714185884,94022,4688371.0,0.43809275786628704
2022-03-02,3608988,3472991,38875,20249221,33124724,8966,5821,45,27438,10114,53373945,37552,0.23876224968044313,97122,4676562.0,0.43698929626360183
2022-03-03,3617063,3490159,38919,20277253,33135475,8075,17168,44,28032,10751,53412728,38783,0.20820978263672227,87985,4646699.0,0.43419882511100727
2022-03-04,3625320,3502477,38950,20306952,33145698,8257,12318,31,29699,10223,53452650,39922,0.2068283152146686,83893,4615786.0,0.43131023941164165
2022-03-05,3629881,3513117,38981,20324508,33149073,4561,10640,31,17556,3375,53473581,20931,0.21790645454111127,77783,4583031.0,0.4282495327645119
2022-03-06,3632455,3522652,39018,20334724,33153350,2574,9535,37,10216,4277,53488074,14493,0.17760298074932726,70785,4544320.0,0.4246322830311265
2022-03-07,3642843,3531580,39054,20364995,33169470,10388,8928,36,30271,16120,53534465,46391,0.22392274363561898,72209,4510632.0,0.4214843946010088
2022-03-08,3653328,3535743,39096,20393883,33179730,10485,4163,42,28888,10260,53573613,39148,0.2678297741902524,78489,4497046.0,0.4202148858082167
2022-03-09,3662359,3540252,39126,20420525,33189033,9031,4509,30,26642,9303,53609558,35945,0.2512449575740715,82981,4487401.0,0.41931363361430535
2022-03-10,3670597,3554148,39151,20446596,33199057,8238,13896,25,26071,10024,53645653,36095,0.22823105693309323,77298,4457019.0,0.41647466584287823
2022-03-11,3678951,3563693,39168,20473574,33208284,8354,9545,17,26978,9227,53681858,36205,0.23074161027482393,76090,4425272.0,0.41350814916064876
2022-03-12,3683374,3572461,39194,20489637,33211510,4423,8768,26,16063,3226,53701147,19289,0.2293016745295246,71719,4395562.0,0.4107319746991551
2022-03-13,3686120,3580514,39220,20498622,33215251,2746,8053,26,8985,3741,53713873,12726,0.21577872072921578,66386,4366668.0,0.4080320492568664
2022-03-14,3696941,3588541,39256,20529355,33225746,10821,8027,36,30733,10495,53755101,41228,0.2624672552634132,69144,4333121.0,0.40489733620874363
2022-03-15,3707655,3592147,39278,20558581,33232477,10714,3606,22,29226,6731,53791058,35957,0.29796701615818894,76230,4322600.0,0.4039142284500976
2022-03-16,3716205,3595972,39306,20583586,33238882,8550,3825,28,25005,6405,53822468,31410,0.2722063037249284,80927,4314895.0,0.403194254561649
2022-03-17,3724368,3608651,39318,20605567,33245304,8163,12679,12,21981,6422,53850871,28403,0.28739921839242333,76399,4288621.0,0.40073914827416046
