date,positive_total,recovered_total,deceased_total,positive_daily,recovered_daily,deceased_daily,active,positive_increase,positive_increase_5d,growth_factor,ones
2020-03-01,2,0,0,,,,2,,,,1
2020-03-02,2,0,0,0.0,0.0,0.0,2,0.0,,,1
2020-03-03,2,0,0,0.0,0.0,0.0,2,0.0,,,1
2020-03-04,2,0,0,0.0,0.0,0.0,2,0.0,,,1
2020-03-05,2,0,0,0.0,0.0,0.0,2,0.0,,,1
2020-03-06,10,0,0,8.0,0.0,0.0,10,4.0,0.8,inf,1
2020-03-07,14,0,0,4.0,0.0,0.0,14,0.4,0.8800000000000001,0.5,1
2020-03-08,14,0,0,0.0,0.0,0.0,14,0.0,0.8800000000000001,0.0,1
2020-03-09,18,0,0,4.0,0.0,0.0,18,0.2857142857142857,0.9371428571428572,inf,1
2020-03-10,30,0,0,12.0,0.0,0.0,30,0.6666666666666666,1.0704761904761906,3.0,1
2020-03-11,36,0,0,6.0,0.0,0.0,36,0.2,0.31047619047619046,0.5,1
2020-03-12,48,0,0,12.0,0.0,0.0,48,0.3333333333333333,0.29714285714285715,2.0,1
2020-03-13,55,0,0,7.0,0.0,0.0,55,0.14583333333333334,0.32630952380952377,0.5833333333333334,1
2020-03-14,70,0,0,15.0,0.0,0.0,70,0.2727272727272727,0.32371212121212123,2.142857142857143,1
2020-03-15,109,0,0,39.0,0.0,0.0,109,0.5571428571428572,0.3018073593073593,2.6,1
2020-03-16,129,0,0,20.0,0.0,0.0,129,0.1834862385321101,0.2985046070137813,0.5128205128205128,1
2020-03-17,149,0,0,20.0,0.0,0.0,149,0.15503875968992248,0.26284569228509913,1.0,1
2020-03-18,181,0,0,32.0,0.0,0.0,181,0.21476510067114093,0.27663204575266065,1.6,1
2020-03-19,259,0,0,78.0,0.0,0.0,259,0.430939226519337,0.30827443651107356,2.4375,1
2020-03-20,292,2,0,33.0,2.0,0.0,290,0.1274131274131274,0.22232849056512757,0.4230769230769231,1
2020-03-21,352,3,0,60.0,1.0,0.0,349,0.2054794520547945,0.22672713326966448,1.8181818181818181,1
2020-03-22,378,3,1,26.0,0.0,1.0,374,0.07386363636363637,0.21049210860440723,0.43333333333333335,1
2020-03-23,416,4,1,38.0,1.0,0.0,411,0.10052910052910052,0.18764490857599916,1.4615384615384615,1
2020-03-24,474,4,2,58.0,0.0,1.0,468,0.13942307692307693,0.12934167865674712,1.5263157894736843,1
2020-03-25,555,6,6,81.0,2.0,4.0,543,0.17088607594936708,0.13803626836399507,1.396551724137931,1
2020-03-26,623,8,6,68.0,2.0,0.0,609,0.12252252252252252,0.12144488245754068,0.8395061728395061,1
2020-03-27,731,11,8,108.0,3.0,2.0,712,0.17335473515248795,0.14134310221531102,1.588235294117647,1
2020-03-28,787,12,11,56.0,1.0,3.0,764,0.07660738714090287,0.13655875953767146,0.5185185185185185,1
2020-03-29,819,13,13,32.0,1.0,2.0,793,0.04066073697585769,0.11680629154822764,0.5714285714285714,1
2020-03-30,856,20,17,37.0,7.0,4.0,819,0.045177045177045176,0.09166448539376323,1.15625,1
2020-03-31,913,25,20,57.0,5.0,3.0,868,0.06658878504672897,0.08047773789860453,1.5405405405405406,1
2020-04-01,990,34,23,77.0,9.0,3.0,933,0.08433734939759036,0.06267426074762501,1.3508771929824561,1
2020-04-02,1072,43,25,82.0,9.0,2.0,1004,0.08282828282828283,0.06391843988510101,1.0649350649350648,1
2020-04-03,1131,59,29,59.0,16.0,4.0,1043,0.05503731343283582,0.06679375517649663,0.7195121951219512,1
2020-04-04,1158,77,34,27.0,18.0,5.0,1047,0.023872679045092837,0.06253288195010616,0.4576271186440678,1
2020-04-05,1196,84,37,38.0,7.0,3.0,1075,0.03281519861830743,0.05577816466442185,1.4074074074074074,1
2020-04-06,1231,123,40,35.0,39.0,3.0,1068,0.029264214046822744,0.044763537594268335,0.9210526315789473,1
2020-04-07,1263,153,43,32.0,30.0,3.0,1067,0.025995125913891144,0.03339690621138999,0.9142857142857143,1
2020-04-08,1318,185,49,55.0,32.0,6.0,1084,0.043547110055423596,0.03109886553590755,1.71875,1
2020-04-09,1358,241,50,40.0,56.0,1.0,1067,0.030349013657056147,0.03239413245830021,0.7272727272727273,1
2020-04-10,1392,271,57,34.0,30.0,7.0,1064,0.025036818851251842,0.030838456504889096,0.85,1
2020-04-11,1411,307,62,19.0,36.0,5.0,1042,0.013649425287356323,0.02771549875299581,0.5588235294117647,1
2020-04-12,1427,336,65,16.0,29.0,3.0,1026,0.011339475549255847,0.02478436868006875,0.8421052631578947,1
2020-04-13,1437,364,69,10.0,28.0,4.0,1004,0.00700770847932726,0.017476488364849486,0.625,1
2020-04-14,1448,428,71,11.0,64.0,2.0,949,0.007654836464857342,0.01293765292640972,1.1,1
2020-04-15,1487,489,71,39.0,61.0,0.0,927,0.026933701657458564,0.01331702948765107,3.5454545454545454,1
2020-04-16,1509,576,71,22.0,87.0,0.0,862,0.014794889038332213,0.013546122237846245,0.5641025641025641,1
2020-04-17,1531,655,72,22.0,79.0,1.0,804,0.0145791915175613,0.014194065431507336,1.0,1
2020-04-18,1559,681,74,28.0,26.0,2.0,804,0.018288700195950358,0.016450263774831955,1.2727272727272727,1
2020-04-19,1572,715,75,13.0,34.0,1.0,782,0.008338678640153944,0.016587032209891276,0.4642857142857143,1
2020-04-20,1615,753,78,43.0,38.0,3.0,784,0.027353689567430027,0.016671029791885568,3.3076923076923075,1
2020-04-21,1624,811,78,9.0,58.0,0.0,735,0.005572755417956657,0.014826603067810456,0.20930232558139536,1
2020-04-22,1638,863,78,14.0,52.0,0.0,697,0.008620689655172414,0.01363490269533268,1.5555555555555556,1
2020-04-23,1640,891,80,2.0,28.0,2.0,669,0.001221001221001221,0.010221362900342854,0.14285714285714285,1
2020-04-24,1654,929,83,14.0,38.0,3.0,642,0.00853658536585366,0.010260944245482795,7.0,1
2020-04-25,1668,952,85,14.0,23.0,2.0,631,0.008464328899637243,0.006483072111924238,1.0,1
2020-04-26,1669,960,85,1.0,8.0,0.0,624,0.0005995203836930455,0.0054884251050715165,0.07142857142857142,1
2020-04-27,1673,992,85,4.0,32.0,0.0,596,0.002396644697423607,0.004243616113521755,4.0,1
2020-04-28,1682,1008,85,9.0,16.0,0.0,589,0.005379557680812911,0.0050753274054840935,2.25,1
2020-04-29,1692,1029,86,10.0,21.0,1.0,577,0.005945303210463734,0.004557070974406108,1.1111111111111112,1
2020-04-30,1714,1063,87,22.0,34.0,1.0,564,0.013002364066193853,0.005464678007717431,2.2,1
2020-05-01,1726,1084,88,12.0,21.0,1.0,554,0.007001166861143524,0.006745007303207528,0.5454545454545454,1
2020-05-02,1728,1090,88,2.0,6.0,0.0,550,0.0011587485515643105,0.006497428074035668,0.16666666666666666,1
2020-05-03,1729,1102,89,1.0,12.0,1.0,538,0.0005787037037037037,0.005537257278613825,0.5,1
2020-05-04,1736,1128,90,7.0,26.0,1.0,518,0.004048582995951417,0.005157913235711362,7.0,1
2020-05-05,1751,1156,90,15.0,28.0,0.0,505,0.008640552995391706,0.0042855510215509315,2.142857142857143,1
2020-05-06,1761,1182,90,10.0,26.0,0.0,489,0.0057110222729868645,0.0040275221039196,0.6666666666666666,1
2020-05-07,1775,1199,90,14.0,17.0,0.0,486,0.007950028392958546,0.005385778072198448,1.4,1
2020-05-08,1789,1210,90,14.0,11.0,0.0,489,0.007887323943661971,0.006847502120190101,1.0,1
2020-05-09,1801,1223,91,12.0,13.0,1.0,487,0.006707657909446618,0.007379317102889141,0.8571428571428571,1
2020-05-10,1810,1232,92,9.0,9.0,1.0,486,0.004997223764575236,0.006650651256725847,0.75,1
2020-05-11,1822,1242,92,12.0,10.0,0.0,488,0.0066298342541436465,0.006834413652957204,1.3333333333333333,1
2020-05-12,1828,1258,92,6.0,16.0,0.0,478,0.003293084522502744,0.005903024878866044,0.5,1
2020-05-13,1849,1274,92,21.0,16.0,0.0,483,0.011487964989059081,0.006623153087945465,3.5,1
2020-05-14,1862,1292,93,13.0,18.0,1.0,477,0.007030827474310438,0.00668778700091823,0.6190476190476191,1
2020-05-15,1877,1305,93,15.0,13.0,0.0,479,0.008055853920515575,0.007299513032106297,1.1538461538461537,1
2020-05-16,1892,1311,94,15.0,6.0,1.0,487,0.007991475759190196,0.007571841333115607,1.0,1
2020-05-17,1905,1313,94,13.0,2.0,0.0,498,0.006871035940803382,0.008287431616775734,0.8666666666666667,1
2020-05-18,1929,1326,94,24.0,13.0,0.0,509,0.012598425196850394,0.008509523658333998,1.8461538461538463,1
2020-05-19,1939,1334,94,10.0,8.0,0.0,511,0.005184033177812338,0.008140164799034377,0.4166666666666667,1
2020-05-20,1954,1349,94,15.0,15.0,0.0,511,0.007735946364105209,0.008076183287752304,1.5,1
2020-05-21,1956,1362,94,2.0,13.0,0.0,500,0.0010235414534288639,0.006682596426600037,0.13333333333333333,1
2020-05-22,1978,1370,94,22.0,8.0,0.0,514,0.011247443762781187,0.007557877990995598,11.0,1
2020-05-23,1981,1379,94,3.0,9.0,0.0,508,0.0015166835187057635,0.005341529655366673,0.13636363636363635,1
2020-05-24,1985,1381,94,4.0,2.0,0.0,510,0.0020191822311963654,0.004708559466043477,1.3333333333333333,1
2020-05-25,1988,1393,94,3.0,12.0,0.0,501,0.0015113350125944584,0.003463637195741327,0.75,1
2020-05-26,1991,1404,94,3.0,11.0,0.0,493,0.0015090543259557343,0.0035607397702467013,1.0,1
2020-05-27,1999,1417,94,8.0,13.0,0.0,488,0.004018081366147665,0.002114867290919997,2.6666666666666665,1
2020-05-28,2011,1423,95,12.0,6.0,1.0,493,0.006003001500750375,0.0030121308873289196,1.5,1
2020-05-29,2021,1432,95,10.0,9.0,0.0,494,0.004972650422675286,0.0036028245256247036,0.8333333333333334,1
2020-05-30,2029,1440,95,8.0,8.0,0.0,494,0.0039584364176150424,0.00409224480662882,0.8,1
2020-05-31,2037,1443,95,8.0,3.0,0.0,499,0.003942828979793002,0.0045789997373962745,1.0,1
2020-06-01,2048,1461,96,11.0,18.0,1.0,491,0.005400098183603338,0.004855403100887409,1.375,1
2020-06-02,2063,1475,96,15.0,14.0,0.0,492,0.00732421875,0.005119646550737334,1.3636363636363635,1
2020-06-03,2087,1490,96,24.0,15.0,0.0,501,0.0116335433834222,0.006451825142886716,1.6,1
2020-06-04,2102,1506,97,15.0,16.0,1.0,499,0.007187350263536177,0.007097607912070943,0.625,1
2020-06-05,2107,1523,97,5.0,17.0,0.0,487,0.002378686964795433,0.00678477950907143,0.3333333333333333,1
2020-06-06,2109,1527,97,2.0,4.0,0.0,485,0.0009492168960607499,0.005894603251562912,0.4,1
2020-06-07,2115,1535,97,6.0,8.0,0.0,483,0.002844950213371266,0.004998749544237165,3.0,1
2020-06-08,2128,1546,97,13.0,11.0,0.0,485,0.006146572104018913,0.0039013552883565075,2.1666666666666665,1
2020-06-09,2134,1553,97,6.0,7.0,0.0,484,0.002819548872180451,0.003027795010085362,0.46153846153846156,1
2020-06-10,2148,1570,97,14.0,17.0,0.0,481,0.006560449859418931,0.003864147589010062,2.3333333333333335,1
2020-06-11,2160,1580,98,12.0,10.0,1.0,482,0.00558659217877095,0.004791622645552102,0.8571428571428571,1
2020-06-12,2177,1592,98,17.0,12.0,0.0,487,0.00787037037037037,0.005796706676951922,1.4166666666666667,1
2020-06-13,2195,1596,98,18.0,4.0,0.0,501,0.008268259072117593,0.00622104407057166,1.0588235294117647,1
2020-06-14,2209,1601,98,14.0,5.0,0.0,510,0.006378132118451025,0.006932760719825773,0.7777777777777778,1
2020-06-15,2222,1614,98,13.0,13.0,0.0,510,0.005885015844273427,0.006797673916796673,0.9285714285714286,1
2020-06-16,2234,1623,98,12.0,9.0,0.0,513,0.0054005400540054005,0.006760463491843563,0.9230769230769231,1
2020-06-17,2246,1630,98,12.0,7.0,0.0,518,0.005371530886302597,0.006260695595030008,1.0,1
2020-06-18,2269,1642,99,23.0,12.0,1.0,528,0.010240427426536063,0.006655129265913702,1.9166666666666667,1
2020-06-19,2290,1646,99,21.0,4.0,0.0,545,0.009255178492728075,0.007230538540769112,0.9130434782608695,1
2020-06-20,2294,1649,100,4.0,3.0,1.0,545,0.0017467248908296944,0.006402880350080365,0.19047619047619047,1
2020-06-21,2303,1653,101,9.0,4.0,1.0,549,0.003923278116826504,0.006107427962644587,2.25,1
2020-06-22,2311,1660,101,8.0,7.0,0.0,550,0.0034737299174989146,0.00572786776888385,0.8888888888888888,1
2020-06-23,2330,1662,101,19.0,2.0,0.0,567,0.008221549112938122,0.005324092106164262,2.375,1
2020-06-24,2349,1671,104,19.0,9.0,3.0,574,0.00815450643776824,0.005103957695172296,1.0,1
2020-06-25,2364,1680,104,15.0,9.0,0.0,580,0.006385696040868455,0.006031751925180047,0.7894736842105263,1
2020-06-26,2376,1695,104,12.0,15.0,0.0,577,0.005076142131979695,0.006262324728210686,0.8,1
2020-06-27,2386,1701,104,10.0,6.0,0.0,581,0.004208754208754209,0.006409329586461744,0.8333333333333334,1
2020-06-28,2393,1704,104,7.0,3.0,0.0,585,0.002933780385582565,0.005351775840990633,0.7,1
2020-06-29,2396,1712,104,3.0,8.0,0.0,580,0.0012536564981195152,0.003971605853060888,0.42857142857142855,1
2020-06-30,2405,1723,104,9.0,11.0,0.0,578,0.0037562604340567614,0.0034457187316985494,3.0,1
2020-07-01,2413,1731,104,8.0,8.0,0.0,578,0.0033264033264033266,0.0030957709705832755,0.8888888888888888,1
2020-07-02,2429,1744,105,16.0,13.0,1.0,580,0.00663075010360547,0.0035801701495535277,2.0,1
2020-07-03,2440,1755,105,11.0,11.0,0.0,580,0.004528612597776863,0.0038991365919923875,0.6875,1
2020-07-04,2441,1761,106,1.0,6.0,1.0,574,0.0004098360655737705,0.0037303725054832386,0.09090909090909091,1
2020-07-05,2449,1769,108,8.0,8.0,2.0,572,0.0032773453502662844,0.003634589488725143,8.0,1
2020-07-06,2458,1772,109,9.0,3.0,1.0,577,0.0036749693752552064,0.003704302698495519,1.125,1
2020-07-07,2463,1797,109,5.0,25.0,0.0,557,0.0020341741253051262,0.0027849875028354504,0.5555555555555556,1
2020-07-08,2474,1838,109,11.0,41.0,0.0,527,0.004466098254161592,0.002772484634112396,2.2,1
2020-07-09,2489,1857,109,15.0,19.0,0.0,523,0.006063055780113177,0.0039031285770202775,1.3636363636363635,1
2020-07-10,2505,1867,109,16.0,10.0,0.0,529,0.0064282844515869825,0.004533316397284417,1.0666666666666667,1
2020-07-11,2512,1872,109,7.0,5.0,0.0,531,0.0027944111776447107,0.004357204757762318,0.4375,1
2020-07-12,2518,1873,109,6.0,1.0,0.0,536,0.0023885350318471337,0.004428076939070719,0.8571428571428571,1
2020-07-13,2530,1888,109,12.0,15.0,0.0,533,0.004765687053216839,0.004487994698881769,2.0,1
2020-07-14,2544,1896,109,14.0,8.0,0.0,539,0.005533596837944664,0.004382102910448066,1.1666666666666667,1
2020-07-15,2558,1901,109,14.0,5.0,0.0,548,0.00550314465408805,0.00419707495094828,1.0,1
2020-07-16,2578,1920,109,20.0,19.0,0.0,549,0.007818608287724784,0.005201914372964294,1.4285714285714286,1
