date,positive_total,recovered_total,deceased_total,tested_pcr_total,tested_ag_total,positive_daily,recovered_daily,deceased_daily,tested_pcr_daily,tested_ag_daily,tested_total,tested_daily,positive_ratio,active
2021-10-10,1700780,1660399,30560,10997587,27886842,336,285,4,7919,22395,38884429,30314,0.011083987596490071,9821
2021-10-11,1702123,1661220,30565,11019025,27938185,1343,821,5,21438,51343,38957210,72781,0.018452618128357676,10338
2021-10-12,1703630,1661571,30572,11043786,27972424,1507,351,7,24761,34239,39016210,59000,0.025542372881355933,11487
2021-10-13,1705129,1662630,30578,11075430,28012791,1499,1059,6,31644,40367,39088221,72011,0.020816264181861104,11921
2021-10-14,1706669,1663370,30584,11104628,28068590,1540,740,6,29198,55799,39173218,84997,0.018118286527759802,12715
2021-10-15,1708453,1664199,30594,11136669,28155785,1784,829,10,32041,87195,39292454,119236,0.014961924251065115,13660
2021-10-16,1709611,1664527,30602,11154340,28188497,1158,328,8,17671,32712,39342837,50383,0.022983942996645693,14482
2021-10-17,1710406,1664939,30613,11164599,28212943,795,412,11,10259,24446,39377542,34705,0.022907362051577583,14854
2021-10-18,1712939,1666105,30625,11191843,28268623,2533,1166,12,27244,55680,39460466,82924,0.030546042159085428,16209
2021-10-19,1716189,1667026,30635,11225648,28306918,3250,921,10,33805,38295,39532566,72100,0.04507628294036061,18528
2021-10-20,1719468,1668065,30642,11260089,28354473,3279,1039,7,34441,47555,39614562,81996,0.03998975559783404,20761
2021-10-21,1723111,1669052,30652,11301951,28414810,3643,987,10,41862,60337,39716761,102199,0.03564614135167663,23407
2021-10-22,1727348,1670022,30666,11347340,28508061,4237,970,14,45389,93251,39855401,138640,0.030561165608770917,26660
2021-10-23,1730104,1670498,30679,11377416,28543376,2756,476,13,30076,35315,39920792,65391,0.04214647275618969,28927
2021-10-24,1731942,1671033,30699,11394570,28571499,1838,535,20,17154,28123,39966069,45277,0.04059456236058043,30210
2021-10-25,1736226,1672650,30719,11435000,28635927,4284,1617,20,40430,64428,40070927,104858,0.04085525186442618,32857
2021-10-26,1742514,1674024,30735,11496667,28689262,6288,1374,16,61667,53335,40185929,115002,0.05467730995982679,37755
2021-10-27,1748364,1675576,30757,11560923,28768030,5850,1552,22,64256,78768,40328953,143024,0.040902226199798636,42031
2021-10-28,1752719,1677131,30783,11603158,28799950,4355,1555,26,42235,31920,40403108,74155,0.05872833928932641,44805
2021-10-29,1758472,1678934,30809,11648110,28886934,5753,1803,26,44952,86984,40535044,131936,0.043604474896919716,48729
2021-10-30,1763530,1679756,30832,11686160,28919094,5058,822,23,38050,32160,40605254,70210,0.07204101979774961,52942
2021-10-31,1766310,1680718,30863,11710847,28957144,2780,962,31,24687,38050,40667991,62737,0.044311969013500804,54729
2021-11-01,1773920,1684142,30894,11775080,29006102,7610,3424,31,64233,48958,40781182,113191,0.06723149366999143,58884
2021-11-02,1783841,1687347,30929,11835192,29039436,9921,3205,35,60112,33334,40874628,93446,0.10616826830468934,65565
2021-11-03,1793313,1690862,30974,11878033,29077352,9472,3515,45,42841,37916,40955385,80757,0.11729014203103137,71477
2021-11-04,1801778,1694475,31019,11921723,29118758,8465,3613,45,43690,41406,41040481,85096,0.0994758860580991,76284
2021-11-05,1811024,1698612,31076,11972114,29184307,9246,4137,57,50391,65549,41156421,115940,0.07974814559254786,81336
2021-11-06,1816764,1700672,31126,12007223,29221007,5740,2060,50,35109,36700,41228230,71809,0.07993427007756689,84966
2021-11-07,1819774,1702996,31165,12025512,29245848,3010,2324,39,18289,24841,41271360,43130,0.06978900996985857,85613
2021-11-08,1829049,1709698,31213,12075361,29300548,9275,6702,48,49849,54700,41375909,104549,0.08871438272962917,88138
2021-11-09,1843615,1715286,31275,12144548,29339554,14566,5588,62,69187,39006,41484102,108193,0.134629781963713,97054
2021-11-10,1857138,1721553,31350,12208689,29380817,13523,6267,75,64141,41263,41589506,105404,0.12829683882964593,104235
2021-11-11,1867559,1724670,31419,12272865,29429596,10421,3117,69,64176,48779,41702461,112955,0.09225797884113142,111470
2021-11-12,1881790,1732085,31487,12345940,29495449,14231,7415,68,73075,65853,41841389,138928,0.1024343544857768,118218
2021-11-13,1890963,1735765,31560,12391923,29529918,9173,3680,73,45983,34469,41921841,80452,0.11401829662407398,123638
2021-11-14,1896626,1739455,31622,12420267,29554060,5663,3690,62,28344,24142,41974327,52486,0.10789543878367565,125549
2021-11-15,1908163,1749691,31713,12487121,29612616,11537,10236,91,66854,58556,42099737,125410,0.09199425883103421,126759
2021-11-16,1930671,1758571,31782,12582573,29662490,22508,8880,69,95452,49874,42245063,145326,0.15487937464734458,140318
2021-11-17,1944821,1767091,31864,12644335,29685950,14150,8520,82,61762,23460,42330285,85222,0.16603693881861492,145866
2021-11-18,1958231,1775355,31983,12708581,29736231,13410,8264,119,64246,50281,42444812,114527,0.11709029311865324,150893
2021-11-19,1981188,1784614,32093,12800094,29800951,22957,9259,110,91513,64720,42601045,156233,0.14694078715764275,164481
2021-11-20,1995598,1788294,32186,12865780,29834090,14410,3680,93,65686,33139,42699870,98825,0.1458133063496079,175118
2021-11-21,2003855,1792006,32294,12901872,29859884,8257,3712,108,36092,25794,42761756,61886,0.1334227450473451,179555
2021-11-22,2018350,1807963,32401,12980000,29904577,14495,15957,107,78128,44693,42884577,122821,0.11801727717572728,177986
2021-11-23,2044242,1821126,32512,13084645,29932184,25892,13163,111,104645,27607,43016829,132252,0.1957777576142516,190604
2021-11-24,2062273,1821579,32604,13186077,29957968,18031,453,92,101432,25784,43144045,127216,0.14173531631241354,208090
2021-11-25,2090201,1822038,32703,13287018,29988868,27928,459,99,100941,30900,43275886,131841,0.21183091754461814,235460
2021-11-26,2110545,1822612,32793,13385808,30015264,20344,574,90,98790,26396,43401072,125186,0.16251018484495072,255140
2021-11-27,2123059,1822788,32837,13449208,30022052,12514,176,44,63400,6788,43471260,70188,0.17829258562717273,267434
