date,positive_total,recovered_total,deceased_total,tested_pcr_total,tested_ag_total,positive_daily,recovered_daily,deceased_daily,tested_pcr_daily,tested_ag_daily,tested_total,tested_daily,positive_ratio,active
2021-10-07,1698662,1659361,30549,10947037,27755661,991,475,3,24494,52907,38702698,77401,0.012803452151780985,8752
2021-10-08,1699679,1659889,30553,10974361,27838209,1017,528,4,27324,82548,38812570,109872,0.009256225425950197,9237
2021-10-09,1700345,1660144,30556,10989664,27864447,666,255,3,15303,26238,38854111,41541,0.01603235357839243,9645
2021-10-10,1700681,1660429,30560,10997583,27886842,336,285,4,7919,22395,38884425,30314,0.011083987596490071,9692
2021-10-11,1702024,1661250,30565,11019021,27938185,1343,821,5,21438,51343,38957206,72781,0.018452618128357676,10209
2021-10-12,1703531,1661601,30572,11043782,27972424,1507,351,7,24761,34239,39016206,59000,0.025542372881355933,11358
2021-10-13,1705030,1662660,30578,11075426,28012791,1499,1059,6,31644,40367,39088217,72011,0.020816264181861104,11792
2021-10-14,1706570,1663400,30584,11104624,28068590,1540,740,6,29198,55799,39173214,84997,0.018118286527759802,12586
2021-10-15,1708354,1664229,30594,11136665,28155785,1784,829,10,32041,87195,39292450,119236,0.014961924251065115,13531
2021-10-16,1709512,1664557,30602,11154336,28188497,1158,328,8,17671,32712,39342833,50383,0.022983942996645693,14353
2021-10-17,1710307,1664969,30613,11164595,28212943,795,412,11,10259,24446,39377538,34705,0.022907362051577583,14725
2021-10-18,1712839,1666135,30625,11191839,28268623,2532,1166,12,27244,55680,39460462,82924,0.030533982924123293,16079
2021-10-19,1716089,1667056,30635,11225644,28306918,3250,921,10,33805,38295,39532562,72100,0.04507628294036061,18398
2021-10-20,1719368,1668095,30642,11260085,28354473,3279,1039,7,34441,47555,39614558,81996,0.03998975559783404,20631
2021-10-21,1723011,1669082,30652,11301947,28414810,3643,987,10,41862,60337,39716757,102199,0.03564614135167663,23277
2021-10-22,1727247,1670052,30666,11347336,28508061,4236,970,14,45389,93251,39855397,138640,0.030553952683208308,26529
2021-10-23,1730003,1670528,30679,11377412,28543376,2756,476,13,30076,35315,39920788,65391,0.04214647275618969,28796
2021-10-24,1731841,1671063,30699,11394566,28571499,1838,535,20,17154,28123,39966065,45277,0.04059456236058043,30079
2021-10-25,1736124,1672678,30719,11434995,28635927,4283,1615,20,40429,64428,40070922,104857,0.040846104694965524,32727
2021-10-26,1742412,1674053,30735,11496662,28689262,6288,1375,16,61667,53335,40185924,115002,0.05467730995982679,37624
2021-10-27,1748261,1675603,30757,11560916,28767993,5849,1550,22,64254,78731,40328909,142985,0.04090638878204007,41901
2021-10-28,1752615,1677157,30783,11603150,28799909,4354,1554,26,42234,31916,40403059,74150,0.058718813216453135,44675
2021-10-29,1758367,1678961,30809,11648101,28886861,5752,1804,26,44951,86952,40534962,131903,0.04360780270350181,48597
2021-10-30,1763424,1679783,30832,11686151,28919021,5057,822,23,38050,32160,40605172,70210,0.07202677681241988,52809
2021-10-31,1766200,1680744,30863,11710836,28957064,2776,961,31,24685,38043,40667900,62728,0.04425455936742762,54593
2021-11-01,1773807,1684167,30894,11775063,29005700,7607,3423,31,64227,48636,40780763,112863,0.06740029947812835,58746
2021-11-02,1783726,1687371,30929,11835172,29039003,9919,3204,35,60109,33303,40874175,93412,0.10618550079218944,65426
2021-11-03,1793197,1690886,30974,11878012,29076853,9471,3515,45,42840,37850,40954865,80690,0.1173751394224811,71337
2021-11-04,1801654,1694601,31019,11921700,29118204,8457,3715,45,43688,41351,41039904,85039,0.09944848834064371,76034
2021-11-05,1810898,1698836,31076,11972088,29183618,9244,4235,57,50388,65414,41155706,115802,0.0798259097424915,80986
2021-11-06,1816637,1700945,31126,12007197,29220304,5739,2109,50,35109,36686,41227501,71795,0.07993592868584164,84566
2021-11-07,1819646,1703266,31165,12025485,29245132,3009,2321,39,18288,24828,41270617,43116,0.06978847759532424,85215
2021-11-08,1828915,1709942,31213,12075333,29299588,9269,6676,48,49848,54456,41374921,104304,0.08886524006749501,87760
2021-11-09,1843476,1715507,31274,12144514,29338311,14561,5565,61,69181,38723,41482825,107904,0.13494402431791222,96695
2021-11-10,1856992,1721750,31346,12208649,29379502,13516,6243,72,64135,41191,41588151,105326,0.12832538974232383,103896
2021-11-11,1867404,1724865,31415,12272812,29428053,10412,3115,69,64163,48551,41700865,112714,0.09237539258654648,111124
2021-11-12,1881631,1732259,31483,12345882,29493618,14227,7394,68,73070,65565,41839500,138635,0.10262199300320987,117889
2021-11-13,1890803,1735923,31555,12391861,29528025,9172,3664,72,45979,34407,41919886,80386,0.1140994700569751,123325
2021-11-14,1896466,1739592,31616,12420200,29552148,5663,3669,61,28339,24123,41972348,52462,0.10794479813960581,125258
2021-11-15,1908002,1749792,31706,12487053,29609985,11536,10200,90,66853,57837,42097038,124690,0.09251744325928302,126504
2021-11-16,1930510,1758641,31774,12582505,29659550,22508,8849,68,95452,49565,42242055,145017,0.15520938924401967,140095
2021-11-17,1944655,1767143,31856,12644267,29682897,14145,8502,82,61762,23347,42327164,85109,0.1661986393918387,145656
2021-11-18,1958066,1775404,31974,12708509,29732698,13411,8261,118,64242,49801,42441207,114043,0.11759599449330516,150688
2021-11-19,1981022,1784662,32085,12800021,29796989,22956,9258,111,91512,64291,42597010,155803,0.14733991001456967,164275
2021-11-20,1995432,1788331,32177,12865705,29830029,14410,3669,92,65684,33040,42695734,98724,0.14596248126088895,174924
2021-11-21,2003688,1788468,32284,12901797,29855339,8256,137,107,36092,25310,42757136,61402,0.13445816097195532,182936
2021-11-22,2018183,1788949,32386,12979549,29897687,14495,481,102,77752,42348,42877236,120100,0.12069109075770192,196848
2021-11-23,2044060,1789395,32490,13083556,29924292,25877,446,104,104007,26605,43007848,130612,0.19812115272716135,222175
2021-11-24,2062064,1789742,32523,13139814,29946784,18004,347,33,56258,22492,43086598,78750,0.22862222222222223,239799
