date,positive_total,recovered_total,deceased_total,tested_pcr_total,tested_ag_total,positive_daily,recovered_daily,deceased_daily,tested_pcr_daily,tested_ag_daily,tested_total,tested_daily,positive_ratio,active
2021-11-11,1868238,1724077,31426,12268756,29434149,10448,3003,71,64216,49383,41702905,113599,0.09197264060423067,112735
2021-11-12,1882495,1731349,31494,12341884,29500808,14257,7272,68,73128,66659,41842692,139787,0.10199088613390372,119652
2021-11-13,1891675,1735008,31568,12387903,29535397,9180,3659,74,46019,34589,41923300,80608,0.1138844779674474,125099
2021-11-14,1897367,1738693,31630,12416275,29559633,5692,3685,62,28372,24236,41975908,52608,0.10819647201946472,127044
2021-11-15,1908928,1748846,31723,12483147,29619810,11561,10153,93,66872,60177,42102957,127049,0.09099638722067864,128359
2021-11-16,1931461,1757617,31792,12578788,29671332,22533,8771,69,95641,51522,42250120,147163,0.15311593267329424,142052
2021-11-17,1945639,1766192,31874,12640681,29695281,14178,8575,82,61893,23949,42335962,85842,0.16516390578038723,147573
2021-11-18,1959138,1774373,31994,12705044,29747519,13499,8181,120,64363,52238,42452563,116601,0.11577087675062821,152771
2021-11-19,1982106,1783549,32107,12796709,29813877,22968,9176,113,91665,66358,42610586,158023,0.14534593065566404,166450
2021-11-20,1996521,1787200,32203,12862537,29847231,14415,3651,96,65828,33354,42709768,99182,0.14533887197273698,177118
2021-11-21,2004793,1790938,32316,12898652,29873218,8272,3738,113,36115,25987,42771870,62102,0.13320021899455733,181539
2021-11-22,2019304,1806859,32427,12976812,29921127,14511,15921,111,78160,47909,42897939,126069,0.11510363372438903,180018
2021-11-23,2045214,1820015,32542,13081588,29951131,25910,13156,115,104776,30004,43032719,134780,0.19223920462976704,192657
2021-11-24,2063258,1832628,32635,13183063,29978872,18044,12613,93,101475,27741,43161935,129216,0.1396421495789995,197995
2021-11-25,2091193,1845172,32749,13284131,30014499,27935,12544,114,101068,35627,43298630,136695,0.20436007169245402,213272
2021-11-26,2111569,1858282,32866,13384086,30043867,20376,13110,117,99955,29368,43427953,129323,0.1575589802278017,220421
2021-11-27,2124097,1864038,32961,13458530,30051767,12528,5756,95,74444,7900,43510297,82344,0.1521422325852521,227098
2021-11-28,2133401,1869855,33081,13508423,30062042,9304,5817,120,49893,10275,43570465,60168,0.15463369232814786,230465
2021-11-29,2151010,1892093,33189,13595577,30110207,17609,22238,108,87154,48165,43705784,135319,0.13012954574006608,225728
2021-11-30,2173025,1911215,33309,13709676,30138074,22015,19122,120,114099,27867,43847750,141966,0.15507234126480987,228501
2021-12-01,2194174,1919619,33448,13810312,30163453,21149,8404,139,100636,25379,43973765,126015,0.16782922667936356,241107
2021-12-02,2212789,1939973,33572,13911564,30194178,18615,20354,124,101252,30725,44105742,131977,0.14104730369685628,239244
2021-12-03,2230465,1960423,33691,14011474,30219230,17676,20450,119,99910,25052,44230704,124962,0.14145100110433573,236351
2021-12-04,2241447,1969550,33800,14083347,30226593,10982,9127,109,71873,7363,44309940,79236,0.13859861679034782,238097
2021-12-05,2247778,1977992,33910,14122625,30235282,6331,8442,110,39278,8689,44357907,47967,0.13198657410302916,235876
2021-12-06,2263341,2004904,34033,14209886,30275156,15563,26912,123,87261,39874,44485042,127135,0.12241318283714162,224404
2021-12-07,2282848,2029744,34141,14314096,30298668,19507,24840,108,104210,23512,44612764,127722,0.15273014829081913,218963
2021-12-08,2299043,2050505,34253,14402880,30322583,16195,20761,112,88784,23915,44725463,112699,0.14370136380979423,214285
2021-12-09,2313291,2070158,34366,14490475,30350880,14248,19653,113,87595,28297,44841355,115892,0.12294204949435682,208767
2021-12-10,2325689,2089461,34486,14577690,30373674,12398,19303,120,87215,22794,44951364,110009,0.1126998700106355,201742
2021-12-11,2334771,2097800,34586,14640364,30380724,9082,8339,100,62674,7050,45021088,69724,0.13025643967643852,202385
2021-12-12,2338889,2105462,34708,14668744,30388995,4118,7662,122,28380,8271,45057739,36651,0.11235709803279582,198719
2021-12-13,2350781,2132650,34821,14751688,30425030,11892,27188,113,82944,36035,45176718,118979,0.09995041141714084,183310
2021-12-14,2367477,2153410,34930,14848456,30447759,16696,20760,109,96768,22729,45296215,119497,0.13971898876122413,179137
2021-12-15,2379091,2172234,35053,14923921,30470930,11614,18824,123,75465,23171,45394851,98636,0.11774605620665883,171804
2021-12-16,2388584,2189404,35149,15002401,30500269,9493,17170,96,78480,29339,45502670,107819,0.08804570622988526,164031
2021-12-17,2397543,2205926,35233,15079317,30524124,8959,16522,84,76916,23855,45603441,100771,0.08890454595071995,156384
2021-12-18,2403525,2213014,35333,15129092,30534192,5982,7088,100,49775,10068,45663284,59843,0.09996156609795633,155178
2021-12-19,2407266,2219358,35401,15158816,30544177,3741,6344,68,29724,9985,45702993,39709,0.09421038051827042,152507
2021-12-20,2415845,2241659,35479,15232202,30575995,8579,22301,78,73386,31818,45808197,105204,0.08154632903691875,138707
2021-12-21,2427676,2258150,35559,15314735,30596911,11831,16491,80,82533,20916,45911646,103449,0.11436553277460391,133967
2021-12-22,2435365,2272891,35642,15393481,30615912,7689,14741,83,78746,19001,46009393,97747,0.07866226073434479,126832
2021-12-23,2442722,2285428,35698,15482841,30631038,7357,12537,56,89360,15126,46113879,104486,0.07041134697471431,121596
2021-12-24,2444768,2297588,35772,15503605,30635005,2046,12160,74,20764,3967,46138610,24731,0.08273017670130606,111408
2021-12-25,2445856,2302895,35837,15517221,30640202,1088,5307,65,13616,5197,46157423,18813,0.0578323499707649,107124
2021-12-26,2447872,2303026,35911,15538279,30649733,2016,131,74,21058,9531,46188012,30589,0.06590604465657589,108935
2021-12-27,2454728,2303408,35960,15594123,30671469,6856,382,49,55844,21736,46265592,77580,0.08837329208558907,115360
2021-12-28,2463806,2303840,36026,15653549,30687678,9078,432,66,59426,16209,46341227,75635,0.12002379850598267,123940
2021-12-29,2469951,2304176,36061,15693332,30701951,6145,336,35,39783,14273,46395283,54056,0.11367840757732722,129714
