date,positive_total,recovered_total,deceased_total,tested_pcr_total,tested_ag_total,positive_daily,recovered_daily,deceased_daily,tested_pcr_daily,tested_ag_daily,tested_total,tested_daily,positive_ratio,active,vaxs_active,vaxs_active_prcs
2021-12-04,2244523,1967849,33840,14083351,30226696,10982,9124,109,71873,7372,44310047,79245,0.13858287589122342,242834,5618385.0,0.5249955217717581
2021-12-05,2250858,1976299,33950,14122629,30235396,6335,8450,110,39278,8700,44358025,47978,0.1320396848555588,240609,5623725.0,0.5254945043239081
2021-12-06,2266439,2003236,34077,14209891,30275552,15581,26937,127,87262,40156,44485443,127418,0.12228256604247438,229126,5648693.0,0.5278275748036985
2021-12-07,2285977,2028111,34189,14314115,30299206,19538,24875,112,104224,23654,44613321,127878,0.1527862493939536,223677,5685967.0,0.5313105477716458
2021-12-08,2302186,2048891,34302,14402912,30323373,16209,20780,113,88797,24167,44726285,112964,0.1434881909280833,218993,5711591.0,0.5337049164825617
2021-12-09,2316452,2068355,34416,14490515,30352156,14266,19464,114,87603,28783,44842671,116386,0.12257488014022305,213681,5736987.0,0.5360779803204645
2021-12-10,2328853,2087416,34537,14577733,30375266,12401,19061,121,87218,23110,44952999,110328,0.11240120368356174,206900,5764387.0,0.5386383027790619
2021-12-11,2337939,2095709,34637,14640412,30382370,9086,8293,100,62679,7104,45022782,69783,0.13020363125689638,207593,5774256.0,0.5395604860762844
2021-12-12,2342068,2103361,34761,14668794,30390678,4129,7652,124,28382,8308,45059472,36690,0.11253747615153993,203946,5775624.0,0.5396883153143632
2021-12-13,2353973,2130375,34876,14751747,30427554,11905,27014,115,82953,36876,45179301,119829,0.09934990695073813,188722,5776770.0,0.5397954003339819
2021-12-14,2370681,2151063,34990,14848526,30450752,16708,20688,114,96779,23198,45299278,119977,0.13926002483809397,184628,5792585.0,0.5412731922932051
2021-12-15,2382299,2169812,35114,14924010,30474321,11618,18749,124,75484,23569,45398331,99053,0.11729074333942435,177373,5802941.0,0.5422408820516443
2021-12-16,2391800,2186939,35211,15002497,30504149,9501,17127,97,78487,29828,45506646,108315,0.08771638277246918,169650,5811326.0,0.5430243967894304
2021-12-17,2400762,2203373,35304,15079421,30528755,8962,16434,93,76924,24606,45608176,101530,0.08826947700187136,162085,5823641.0,0.5441751402594167
2021-12-18,2406747,2210488,35408,15129202,30538939,5985,7115,104,49781,10184,45668141,59965,0.0998082214625198,160851,5824327.0,0.5442392417633072
2021-12-19,2410492,2216890,35477,15158926,30549035,3745,6402,69,29724,10096,45707961,39820,0.09404821697639378,158125,5820135.0,0.5438475311156269
2021-12-20,2419092,2239241,35557,15232318,30582391,8600,22351,80,73392,33356,45814709,106748,0.08056357027766328,144294,5820903.0,0.543919294898408
2021-12-21,2430938,2255767,35638,15314879,30604329,11846,16526,81,82561,21938,45919208,104499,0.1133599364587221,139533,5819368.0,0.5437758607752713
2021-12-22,2438634,2270533,35722,15393635,30624503,7696,14766,84,78756,20174,46018138,98930,0.07779237844940867,132379,5804018.0,0.5423415195439037
2021-12-23,2445995,2283015,35782,15483003,30640808,7361,12482,60,89368,16305,46123811,105673,0.06965828546553993,127198,5747562.0,0.5370661339700874
2021-12-24,2448041,2295256,35862,15503769,30645364,2046,12241,80,20766,4556,46149133,25322,0.08079930495221546,116923,5662282.0,0.529097363923767
2021-12-25,2449131,2300638,35930,15517386,30650787,1090,5382,68,13617,5423,46168173,19040,0.05724789915966386,112563,5483697.0,0.512409948366519
2021-12-26,2451146,2305567,36015,15538447,30660597,2015,4929,85,21061,9810,46199044,30871,0.06527161413624437,109564,5458189.0,0.5100264189769605
2021-12-27,2458010,2323809,36066,15594291,30684999,6864,18242,51,55844,24402,46279290,80246,0.08553697380554794,98135,5574164.0,0.5208634042738883
2021-12-28,2467088,2336790,36138,15653719,30702628,9078,12981,72,59428,17629,46356347,77057,0.1178088947143024,94160,5551466.0,0.5187424480999744
2021-12-29,2473248,2347324,36213,15697769,30720173,6160,10534,75,44050,17545,46417942,61595,0.10000811754200828,89711,5521918.0,0.5159814113114112
2021-12-30,2479004,2356096,36271,15737349,30736726,5756,8772,58,39580,16553,46474075,56133,0.10254217661625069,86637,5481504.0,0.5122050291274056
2021-12-31,2484002,2364737,36326,15772857,30745136,4998,8641,55,35508,8410,46517993,43918,0.11380299649346509,82939,5403626.0,0.5049279199146086
2022-01-01,2485095,2369102,36372,15781562,30749345,1093,4365,46,8705,4209,46530907,12914,0.08463682824841258,79621,5370123.0,0.5017973183332076
2022-01-02,2487026,2373025,36423,15801157,30760895,1931,3923,51,19595,11550,46562052,31145,0.062000321078824853,77578,5361090.0,0.5009532529037
2022-01-03,2496384,2385917,36483,15874605,30801658,9358,12892,60,73448,40763,46676263,114211,0.08193606570295331,73984,5399156.0,0.5045102322726404
2022-01-04,2506564,2394404,36543,15946144,30827160,10180,8487,60,71539,25502,46773304,97041,0.10490411269463423,75617,5451058.0,0.5093600810407468
2022-01-05,2513952,2402051,36582,15999727,30849882,7388,7647,39,53583,22722,46849609,76305,0.09682196448463404,75319,5457649.0,0.5099759600671926
2022-01-06,2520593,2407153,36640,16056992,30873407,6641,5102,58,57265,23525,46930399,80790,0.0822007674217106,76800,5479076.0,0.5119781509183008
2022-01-07,2527267,2408080,36686,16125320,30890522,6674,927,46,68328,17115,47015842,85443,0.07811055323431995,82501,5508656.0,0.5147421778644798
2022-01-08,2531230,2409773,36729,16165691,30898121,3963,1693,43,40371,7599,47063812,47970,0.08261413383364603,84728,5509992.0,0.5148670169449429
2022-01-09,2533994,2413110,36752,16189551,30906522,2764,3337,23,23860,8401,47096073,32261,0.08567620346548464,84132,5504468.0,0.5143508409865016
2022-01-10,2541355,2423191,36795,16261209,30943165,7361,10081,43,71658,36643,47204374,108301,0.06796797813501261,81369,5507339.0,0.5146191141901013
2022-01-11,2553734,2429930,36833,16339268,30965515,12379,6739,38,78059,22350,47304783,100409,0.12328576123654254,86971,5517317.0,0.5155514827117029
2022-01-12,2565202,2435401,36874,16404642,30986029,11468,5471,41,65374,20514,47390671,85888,0.13352272727272727,92927,5524715.0,0.5162427697755242
2022-01-13,2576895,2440981,36907,16474719,31009882,11693,5580,33,70077,23853,47484601,93930,0.12448631959970191,99007,5536365.0,0.5173313740325556
2022-01-14,2590123,2444229,36940,16556409,31028939,13228,3248,33,81690,19057,47585348,100747,0.13129919501325102,108954,5547057.0,0.5183304604459614
2022-01-15,2599416,2445271,36965,16617724,31034869,9293,1042,25,61315,5930,47652593,67245,0.13819614841252137,117180,5537513.0,0.5174386459370253
2022-01-16,2606662,2449707,36994,16652118,31042693,7246,4436,29,34394,7824,47694811,42218,0.1716329527689611,119961,5522646.0,0.5160494373971725
2022-01-17,2626971,2461821,37021,16744292,31106070,20309,12114,27,92174,63377,47850362,155551,0.13056168073493582,128129,5503305.0,0.5142421674456494
2022-01-18,2655475,2469886,37046,16853999,31137884,28504,8065,25,109707,31814,47991883,141521,0.20141180460850333,148543,5487622.0,0.5127767098865917
2022-01-19,2681495,2476591,37073,16956634,31158121,26020,6705,27,102635,20237,48114755,122872,0.2117650888729735,167831,5474311.0,0.5115328977608111
2022-01-20,2708434,2483334,37092,17062766,31199508,26939,6743,19,106132,41387,48262274,147519,0.18261376500654153,188008,5464602.0,0.510625665251668
2022-01-21,2735059,2501212,37113,17186567,31228677,26625,17878,21,123801,29169,48415244,152970,0.1740537360266719,196734,5464421.0,0.5106087521726532
2022-01-22,2753416,2514162,37135,17273531,31236546,18357,12950,22,86964,7869,48510077,94833,0.1935718578975673,202119,5445352.0,0.5088268985608652
2022-01-23,2766318,2530225,37153,17325719,31245015,12902,16063,18,52188,8469,48570734,60657,0.21270422210132384,198940,5427569.0,0.5071652119082654
2022-01-24,2796714,2554168,37175,17445731,31305182,30396,23943,22,120012,60167,48750913,180179,0.1686989049778276,205371,5412645.0,0.5057706771501592
2022-01-25,2836353,2561488,37189,17592948,31335442,39639,7320,14,147217,30260,48928390,177477,0.22334725062965904,237676,5400567.0,0.5046420795350155
2022-01-26,2891055,2570434,37210,17737923,31356789,54702,8946,21,144975,21347,49094712,166322,0.32889214896405766,283411,5391781.0,0.5038210943846054
2022-01-27,2925870,2601888,37238,17876246,31397457,34815,31454,28,138323,40668,49273703,178991,0.1945069863847903,286744,5386465.0,0.5033243544506674
2022-01-28,2973142,2626484,37260,18032805,31426835,47272,24596,22,156559,29378,49459640,185937,0.25423665004813456,309398,5396669.0,0.5042778409604312
2022-01-29,2991429,2651300,37287,18136648,31433328,18287,24816,27,103843,6493,49569976,110336,0.16573919663573086,302842,5387611.0,0.5034314394702861
2022-01-30,3015371,2677243,37315,18199261,31441637,23942,25943,28,62613,8309,49640898,70922,0.3375821324835735,300813,5375337.0,0.5022845271397451
2022-01-31,3044926,2704014,37349,18317984,31498035,29555,26771,34,118723,56398,49816019,175121,0.16876902256154316,303563,5364718.0,0.5012922620234004
2022-02-01,3102163,2718177,37393,18474378,31526907,57237,14163,44,156394,28872,50001285,185266,0.3089449764122937,346593,5352264.0,0.5001285300562701
2022-02-02,3145499,2735235,37433,18609990,31546410,43336,17058,40,135612,19503,50156400,155115,0.2793798149759856,372831,5341258.0,0.4991001027212583
2022-02-03,3183188,2788922,37470,18743503,31582735,37689,53687,37,133513,36325,50326238,169838,0.22191146857593708,356796,5325359.0,0.4976144615982934
2022-02-04,3211905,2833716,37524,18864414,31609054,28717,44794,54,120911,26319,50473468,147230,0.19504856347211846,340665,5315808.0,0.49672199299237874
2022-02-05,3235914,2873682,37572,18937213,31615058,24009,39966,48,72799,6004,50552271,78803,0.30467114196160044,324660,5301263.0,0.49536287291353576
2022-02-06,3244984,2913206,37618,18976793,31622308,9070,39524,46,39580,7250,50599101,46830,0.19367926542814434,294160,5286034.0,0.49393983821565335
2022-02-07,3274612,2950006,37678,19078598,31670751,29628,36800,60,101805,48443,50749349,150248,0.19719397263191524,286928,5253951.0,0.4909419248784571
2022-02-08,3312386,2966233,37731,19191779,31694241,37774,16227,53,113181,23490,50886020,136671,0.27638635848131643,308422,5230426.0,0.4887436918186578
2022-02-09,3341439,2984144,37776,19279902,31710570,29053,17911,45,88123,16329,50990472,104452,0.2781469000114885,319519,5203727.0,0.48624887250033333
2022-02-10,3364110,3041080,37832,19364669,31742602,22671,56936,56,84767,32032,51107271,116799,0.19410268923535304,285198,5180953.0,0.48412081470208174
2022-02-11,3386248,3087012,37890,19446585,31765121,22138,45932,58,81916,22519,51211706,104435,0.21197874275865372,261346,5161305.0,0.48228485792593134
2022-02-12,3397202,3123502,37953,19492444,31769681,10954,36490,63,45859,4560,51262125,50419,0.21725936650865746,235747,5149780.0,0.48120793397208705
2022-02-13,3404396,3157381,38009,19519558,31776125,7194,33879,56,27114,6444,51295683,33558,0.21437511174682639,209006,5136927.0,0.48000691847718374
2022-02-14,3423871,3185423,38057,19596015,31819950,19475,28042,48,76457,43825,51415965,120282,0.16191117540446617,200391,5109375.0,0.477432392769911
2022-02-15,3452158,3197225,38104,19679868,31841342,28287,11802,47,83853,21392,51521210,105245,0.26877286331892253,216829,5092190.0,0.4758265846877579
2022-02-16,3469151,3210049,38157,19739732,31855367,16993,12824,53,59864,14025,51595099,73889,0.22998010529307475,220945,5064446.0,0.47323411803478993
2022-02-17,3484674,3254925,38212,19798286,31884154,15523,44876,55,58554,28787,51682440,87341,0.1777286726737729,191537,5031550.0,0.4701602360056652
2022-02-18,3498441,3285109,38269,19854130,31904608,13767,30184,57,55844,20454,51758738,76298,0.18043723295499225,175063,4999411.0,0.4671570898926412
2022-02-19,3506662,3309036,38323,19887835,31908875,8221,23927,54,33705,4267,51796710,37972,0.21650163278204992,159303,4974566.0,0.46483551283118685
2022-02-20,3510934,3331319,38372,19906603,31914298,4272,22283,49,18768,5423,51820901,24191,0.1765946012980034,141243,4946570.0,0.46221949868699375
2022-02-21,3524390,3350543,38429,19952912,31934284,13456,19224,57,46309,19986,51887196,66295,0.20297156648314352,135418,4898155.0,0.45769548365659274
2022-02-22,3538596,3358698,38487,19997478,31947021,14206,8155,58,44566,12737,51944499,57303,0.24791023157600825,141411,4870352.0,0.45509750390052045
2022-02-23,3549805,3367531,38526,20035234,31958172,11209,8833,39,37756,11151,51993406,48907,0.22919009548735356,143748,4848752.0,0.4530791475098014
2022-02-24,3559831,3399174,38581,20073233,31970523,10026,31643,55,37999,12351,52043756,50350,0.1991261171797418,122076,4812040.0,0.449648689184983
2022-02-25,3568951,3418900,38624,20110240,31980636,9120,19726,43,37007,10113,52090876,47120,0.1935483870967742,111427,4778854.0,0.4465477088524644
2022-02-26,3574543,3434522,38665,20132385,31984375,5592,15622,41,22145,3739,52116760,25884,0.21604079740380158,101356,4747670.0,0.4436338002557893
2022-02-27,3577869,3449261,38708,20146829,31988702,3326,14739,43,14444,4327,52135531,18771,0.17718821586489797,89900,4738007.0,0.442730866098219
2022-02-28,3588014,3462749,38762,20185876,32006675,10145,13488,54,39047,17973,52192551,57020,0.17792002806032972,86503,4704156.0,0.4395677465527454
2022-03-01,3599640,3468449,38798,20220210,32017684,11626,5700,36,34334,11009,52237894,45343,0.25640120856582055,92393,4687491.0,0.43801052853185035
2022-03-02,3608606,3474284,38843,20247646,32027270,8966,5835,45,27436,9586,52274916,37022,0.24218032521203608,95479,4675627.0,0.43690192759576285
2022-03-03,3616681,3491498,38878,20275673,32037215,8075,17214,35,28027,9945,52312888,37972,0.21265669440640472,86305,4645645.0,0.4341003367945342
2022-03-04,3624937,3503802,38892,20302969,32046489,8256,12304,14,27296,9274,52349458,36570,0.2257588187038556,82243,4614380.0,0.4311788593613939
