date,positive_total,recovered_total,deceased_total,tested_pcr_total,tested_ag_total,positive_daily,recovered_daily,deceased_daily,tested_pcr_daily,tested_ag_daily,tested_total,tested_daily,positive_ratio,active,vaxs_active,vaxs_active_prcs
2021-11-13,1893970,1733633,31566,12387903,29535397,9183,3660,74,46019,34589,41923300,80608,0.11392169511710996,128771,5406258.0,0.5051738603785147
2021-11-14,1899668,1737317,31628,12416275,29559633,5698,3684,62,28372,24236,41975908,52608,0.10831052311435523,130723,5410206.0,0.505542771074374
2021-11-15,1911230,1747476,31721,12483147,29619810,11562,10159,93,66872,60177,42102957,127049,0.09100425819959228,132033,5436301.0,0.5079811511676986
2021-11-16,1933770,1756248,31791,12578788,29671332,22540,8772,70,95641,51522,42250120,147163,0.15316349897732445,145731,5461734.0,0.5103576723753448
2021-11-17,1947967,1764822,31873,12640681,29695281,14197,8574,82,61893,23949,42335962,85842,0.16538524265511056,151272,5454101.0,0.5096444263415318
2021-11-18,1961485,1773011,31993,12705044,29747519,13518,8189,120,64363,52238,42452563,116601,0.115933825610415,156481,5465565.0,0.5107156503074209
2021-11-19,1984457,1782188,32106,12796709,29813877,22972,9177,113,91665,66358,42610586,158023,0.1453712434265898,170163,5481271.0,0.5121832570422651
2021-11-20,1998871,1785837,32202,12862537,29847231,14414,3649,96,65828,33354,42709768,99182,0.1453287894980944,180832,5479696.0,0.5120360852221084
2021-11-21,2007149,1789574,32315,12898652,29873218,8278,3737,113,36115,25987,42771870,62102,0.13329683424044314,185260,5476308.0,0.5117195022845271
2021-11-22,2021667,1805495,32426,12976812,29921127,14518,15921,111,78160,47909,42897939,126069,0.1151591588733154,183746,5479565.0,0.5120238442643684
2021-11-23,2047579,1818656,32541,13081588,29951131,25912,13161,115,104776,30004,43032719,134780,0.19225404362665083,196382,5486105.0,0.5126349577271139
2021-11-24,2065625,1831270,32634,13183063,29978872,18046,12614,93,101475,27741,43161935,129216,0.13965762753838534,201721,5493797.0,0.5133537168640311
2021-11-25,2093562,1843814,32748,13284131,30014499,27937,12544,114,101068,35627,43298630,136695,0.20437470280551592,217000,5496561.0,0.5136119917281027
2021-11-26,2113945,1856922,32866,13384086,30043867,20383,13108,118,99955,29368,43427953,129323,0.1576131082638046,224157,5505805.0,0.5144757735093901
2021-11-27,2126473,1862679,32961,13458530,30051767,12528,5757,95,74444,7900,43510297,82344,0.1521422325852521,230833,5501278.0,0.5140527596491685
2021-11-28,2135780,1868499,33081,13508423,30062042,9307,5820,120,49893,10275,43570465,60168,0.15468355271905332,234200,5496794.0,0.5136337638132433
2021-11-29,2153397,1890761,33189,13595577,30110207,17617,22262,108,87154,48165,43705784,135319,0.1301886653019901,229447,5502861.0,0.5142006790087291
2021-11-30,2175421,1909895,33309,13709676,30138074,22024,19134,120,114099,27867,43847750,141966,0.1551357367256949,232217,5517716.0,0.5155887662394759
2021-12-01,2196574,1918314,33449,13810312,30163498,21153,8419,140,100636,25424,43973810,126060,0.16780104712041885,244811,5541783.0,0.5178376450938942
2021-12-02,2215197,1938701,33574,13911565,30194247,18623,20387,125,101253,30749,44105812,132002,0.1410811957394585,242922,5569800.0,0.5204556215290227
2021-12-03,2232882,1959168,33693,14011478,30219324,17685,20467,119,99913,25077,44230802,124990,0.14149131930554446,240021,5606849.0,0.5239175699512333
2021-12-04,2243864,1968294,33802,14083351,30226696,10982,9126,109,71873,7372,44310047,79245,0.13858287589122342,241768,5617704.0,0.5249318874799952
2021-12-05,2250198,1976743,33912,14122629,30235396,6334,8449,110,39278,8700,44358025,47978,0.1320188419692359,239543,5623042.0,0.5254306831472941
2021-12-06,2265778,2003680,34035,14209891,30275552,15580,26937,123,87262,40156,44485443,127418,0.1222747178577595,228063,5647988.0,0.5277616978937236
2021-12-07,2285311,2028553,34145,14314115,30299206,19533,24873,110,104224,23654,44613321,127878,0.1527471496269882,222613,5685250.0,0.5312435495525649
2021-12-08,2301520,2049332,34258,14402912,30323373,16209,20779,113,88797,24167,44726285,112964,0.1434881909280833,217930,5710854.0,0.533636049414971
2021-12-09,2315784,2068800,34372,14490515,30352156,14264,19468,114,87603,28783,44842671,116386,0.12255769594281099,212612,5736246.0,0.5360087394831718
2021-12-10,2328184,2087861,34492,14577733,30375266,12400,19061,120,87218,23110,44952999,110328,0.11239213980131971,205831,5763626.0,0.5385671930932592
2021-12-11,2337270,2096155,34592,14640412,30382370,9086,8294,100,62679,7104,45022782,69783,0.13020363125689638,206523,5773500.0,0.5394898436026092
2021-12-12,2341399,2103808,34715,14668794,30390678,4129,7653,123,28382,8308,45059472,36690,0.11253747615153993,202876,5774860.0,0.539616925301284
2021-12-13,2353304,2130822,34829,14751747,30427554,11905,27014,114,82953,36876,45179301,119829,0.09934990695073813,187653,5775978.0,0.5397213939329889
2021-12-14,2370012,2151509,34943,14848526,30450752,16708,20687,114,96779,23198,45299278,119977,0.13926002483809397,183560,5791792.0,0.5411990924497866
2021-12-15,2381629,2170260,35067,14924010,30474321,11617,18751,124,75484,23569,45398331,99053,0.11728064773404137,176302,5802099.0,0.5421622035293765
2021-12-16,2391128,2187385,35164,15002497,30504149,9499,17125,97,78487,29828,45506646,108315,0.08769791810921848,168579,5810459.0,0.5429433822065252
2021-12-17,2400090,2203822,35252,15079421,30528755,8962,16437,88,76924,24606,45608176,101530,0.08826947700187136,161016,5822742.0,0.5440911355188957
2021-12-18,2406075,2210936,35355,15129202,30538939,5985,7114,103,49781,10184,45668141,59965,0.0998082214625198,159784,5823425.0,0.5441549566955095
2021-12-19,2409819,2217339,35423,15158926,30549035,3744,6403,68,29724,10096,45707961,39820,0.09402310396785535,157057,5819206.0,0.5437607231023408
2021-12-20,2418418,2239688,35502,15232318,30582391,8599,22349,79,73392,33356,45814709,106748,0.08055420242065425,143228,5819501.0,0.5437882886178622
2021-12-21,2430264,2256209,35583,15314879,30604329,11846,16521,81,82561,21938,45919208,104499,0.1133599364587221,138472,5817494.0,0.5436007496698912
2021-12-22,2437960,2270977,35667,15393635,30624503,7696,14768,84,78756,20174,46018138,98930,0.07779237844940867,131316,5801657.0,0.5421209019773071
2021-12-23,2445320,2283459,35725,15483003,30640808,7360,12482,58,89368,16305,46123811,105673,0.06964882231033472,126136,5744189.0,0.5367509526688885
2021-12-24,2447365,2295699,35803,15503769,30645364,2045,12240,78,20766,4556,46149133,25322,0.08075981360082142,115863,5658415.0,0.5287360220643731
2021-12-25,2448455,2301081,35871,15517386,30650787,1090,5382,68,13617,5423,46168173,19040,0.05724789915966386,111503,5479755.0,0.5120415983252127
2021-12-26,2450470,2306008,35955,15538447,30660597,2015,4927,84,21061,9810,46199044,30871,0.06527161413624437,108507,5454167.0,0.5096505935416147
2021-12-27,2457333,2324250,36006,15594291,30684999,6863,18242,51,55844,24402,46279290,80246,0.08552451212521496,97077,5569347.0,0.5204132921102729
2021-12-28,2466410,2337231,36078,15653719,30702628,9077,12981,72,59428,17629,46356347,77057,0.11779591730796683,93101,5546568.0,0.5182847670998938
2021-12-29,2472570,2347765,36153,15697769,30720173,6160,10534,75,44050,17545,46417942,61595,0.10000811754200828,88652,5515964.0,0.5154250551100065
2021-12-30,2478326,2356534,36211,15737349,30736726,5756,8769,58,39580,16553,46474075,56133,0.10254217661625069,85581,5474346.0,0.5115361682457035
2021-12-31,2483323,2365173,36266,15772857,30745136,4997,8639,55,35508,8410,46517993,43918,0.11378022678628352,81884,5394576.0,0.5040822659638675
2022-01-01,2484416,2369537,36312,15781562,30749345,1093,4364,46,8705,4209,46530907,12914,0.08463682824841258,78567,5360966.0,0.5009416660429384
2022-01-02,2486347,2373460,36363,15801157,30760895,1931,3923,51,19595,11550,46562052,31145,0.062000321078824853,76524,5351902.0,0.5000947038982404
2022-01-03,2495704,2386352,36424,15874605,30801658,9357,12892,61,73448,40763,46676263,114211,0.0819273099788987,72928,5388315.0,0.5034972229378355
2022-01-04,2505884,2394840,36485,15946144,30827160,10180,8488,61,71539,25502,46773304,97041,0.10490411269463423,74559,5438181.0,0.5081568229276315
2022-01-05,2513272,2402486,36524,15999727,30849882,7388,7646,39,53583,22722,46849609,76305,0.09682196448463404,74262,5442170.0,0.5085295647629361
2022-01-06,2519912,2407584,36582,16056992,30873407,6640,5098,58,57265,23525,46930399,80790,0.08218838965218468,75746,5461250.0,0.5103124462414046
2022-01-07,2526584,2408511,36627,16125320,30890522,6672,927,45,68328,17115,47015842,85443,0.07808714581650925,81446,5486897.0,0.512708964128107
2022-01-08,2530547,2410204,36670,16165691,30898121,3963,1693,43,40371,7599,47063812,47970,0.08261413383364603,83673,5487815.0,0.5127947442747125
2022-01-09,2533311,2413541,36693,16189551,30906522,2764,3337,23,23860,8401,47096073,32261,0.08567620346548464,83077,5482077.0,0.512258571637215
2022-01-10,2540666,2423621,36737,16261209,30943165,7355,10080,44,71658,36643,47204374,108301,0.06791257698451537,80308,5482286.0,0.5122781011041437
2022-01-11,2553043,2430358,36775,16339268,30965515,12377,6737,38,78059,22350,47304783,100409,0.12326584270334333,85910,5488852.0,0.5128916440699521
2022-01-12,2564510,2435819,36816,16404642,30986029,11467,5461,41,65374,20514,47390671,85888,0.13351108420268257,91875,5491908.0,0.5131772041222686
2022-01-13,2576202,2441390,36848,16474719,31009882,11692,5571,32,70077,23853,47484601,93930,0.124475673373789,97964,5498751.0,0.5138166306399395
2022-01-14,2589426,2444629,36881,16556409,31028939,13224,3239,33,81690,19057,47585348,100747,0.1312594915977647,107916,5504400.0,0.5143444869015679
2022-01-15,2598719,2445665,36906,16617724,31034867,9293,1036,25,61315,5928,47652591,67243,0.1382002587629939,116148,5493811.0,0.513355025057988
2022-01-16,2605965,2450099,36936,16652118,31042689,7246,4434,30,34394,7822,47694807,42216,0.17164108394921357,118930,5478394.0,0.5119144231841123
2022-01-17,2626271,2462198,36963,16744290,31105937,20306,12099,27,92172,63248,47850227,155420,0.13065242568524,127110,5451854.0,0.5094344612114418
2022-01-18,2654773,2470254,36988,16853997,31137660,28502,8056,25,109707,31723,47991657,141430,0.2015272573004313,147531,5425220.0,0.5069457156507746
2022-01-19,2680788,2476955,37015,16956631,31157855,26015,6701,27,102634,20195,48114486,122829,0.21179851663695057,166818,5396917.0,0.5043010146819542
2022-01-20,2707726,2483687,37034,17062762,31198893,26938,6732,19,106131,41038,48261655,147169,0.18304126548389946,187005,5370047.0,0.5017902167088699
2022-01-21,2734339,2501558,37055,17186561,31227997,26613,17871,21,123799,29104,48414558,152903,0.17405152286089873,195726,5351472.0,0.500054523655277
2022-01-22,2752693,2514554,37077,17273521,31235846,18354,12996,22,86960,7849,48509367,94809,0.1935892162136506,201062,5329169.0,0.49797047723943416
2022-01-23,2765591,2530641,37095,17325705,31244301,12898,16087,18,52184,8455,48570006,60639,0.21270139679084418,197855,5309893.0,0.4961692810455684
2022-01-24,2795980,2554649,37117,17445714,31304035,30389,24008,22,120009,59734,48749749,179743,0.16906917098301463,204214,5275564.0,0.4929614960207076
2022-01-25,2835613,2562056,37131,17592927,31334159,39633,7407,14,147213,30124,48927086,177337,0.2234897398737996,236426,5241056.0,0.48973698480168293
2022-01-26,2890308,2571092,37151,17737899,31355375,54695,9036,20,144972,21216,49093274,166188,0.3291152189087058,282065,5205987.0,0.4864600523819549
2022-01-27,2925117,2602629,37177,17876211,31395822,34809,31537,26,138312,40447,49272033,178759,0.19472585995670147,285311,5197168.0,0.48563598363150345
2022-01-28,2972381,2627370,37197,18032761,31425069,47264,24741,20,156550,29247,49457830,185797,0.25438516230079067,307814,5188320.0,0.4848092050507126
2022-01-29,2990662,2652211,37223,18136599,31431522,18281,24841,26,103838,6453,49568121,110291,0.16575241860169915,301228,5176431.0,0.4836982680539877
2022-01-30,3014598,2678184,37251,18199210,31439802,23936,25973,28,62611,8280,49639012,70891,0.33764511715168355,299163,5161614.0,0.4823137316354097
2022-01-31,3044145,2705072,37285,18317876,31495478,29547,26888,34,118666,55676,49813354,174342,0.16947723440134907,301788,5130880.0,0.4794418721302079
2022-02-01,3101378,2719355,37328,18474259,31523824,57233,14283,43,156383,28346,49998083,184729,0.30982141407142355,344695,5092855.0,0.47588872390071296
2022-02-02,3144704,2736554,37367,18609863,31542907,43326,17199,39,135604,19083,50152770,154687,0.2800881780627978,370783,5051621.0,0.4720357189278005
2022-02-03,3182387,2790363,37404,18743375,31578291,37683,53809,37,133512,35384,50321666,168896,0.22311363205759757,354620,5006231.0,0.4677943672345256
2022-02-04,3211087,2835324,37456,18864236,31604057,28700,44961,52,120861,25766,50468293,146627,0.19573475553615638,338307,4967745.0,0.46419814204687687
2022-02-05,3235088,2875355,37502,18937029,31609910,24001,40031,46,72793,5853,50546939,78646,0.30517763141164206,322231,4948989.0,0.4624455359142692
2022-02-06,3244157,2914924,37546,18976605,31616989,9069,39569,44,39576,7079,50593594,46655,0.1943843103633051,291687,4931500.0,0.46081132133476527
2022-02-07,3273769,2951896,37604,19078399,31663035,29612,36972,58,101794,46046,50741434,147840,0.20029761904761906,284269,4877998.0,0.45581196468586477
2022-02-08,3311415,2968268,37654,19191347,31685422,37646,16372,50,112948,22387,50876769,135335,0.2781689880666494,305493,4826617.0,0.4510107994214419
2022-02-09,3340467,2986321,37698,19279466,31700740,29052,18053,44,88119,15318,50980206,103437,0.28086661446097627,316448,4771098.0,0.44582296940031546
2022-02-10,3363132,3043402,37742,19364230,31730004,22665,57081,44,84764,29264,51094234,114028,0.19876696951625916,281988,4723057.0,0.44133390183705007
2022-02-11,3385250,3089436,37765,19439728,31750575,22118,46034,23,75498,20571,51190303,96069,0.23023035526548627,258049,4678311.0,0.4371527270657948
