date,positive_total,recovered_total,deceased_total,positive_daily,recovered_daily,deceased_daily,active,positive_increase,positive_increase_5d,growth_factor,ones
2020-03-01,0,0,0,,,,0,,,,1
2020-03-02,0,0,0,0.0,0.0,0.0,0,,,,1
2020-03-03,0,0,0,0.0,0.0,0.0,0,,,,1
2020-03-04,0,0,0,0.0,0.0,0.0,0,,,,1
2020-03-05,0,0,0,0.0,0.0,0.0,0,,,,1
2020-03-06,0,0,0,0.0,0.0,0.0,0,,,,1
2020-03-07,0,0,0,0.0,0.0,0.0,0,,,,1
2020-03-08,0,0,0,0.0,0.0,0.0,0,,,,1
2020-03-09,0,0,0,0.0,0.0,0.0,0,,,,1
2020-03-10,0,0,0,0.0,0.0,0.0,0,,,,1
2020-03-11,0,0,0,0.0,0.0,0.0,0,,,,1
2020-03-12,0,0,0,0.0,0.0,0.0,0,,,,1
2020-03-13,0,0,0,0.0,0.0,0.0,0,,,,1
2020-03-14,0,0,0,0.0,0.0,0.0,0,,,,1
2020-03-15,1,0,0,1.0,0.0,0.0,1,inf,,inf,1
2020-03-16,1,0,0,0.0,0.0,0.0,1,0.0,,0.0,1
2020-03-17,2,0,0,1.0,0.0,0.0,2,1.0,,inf,1
2020-03-18,3,0,0,1.0,0.0,0.0,3,0.5,,1.0,1
2020-03-19,3,0,0,0.0,0.0,0.0,3,0.0,inf,0.0,1
2020-03-20,3,0,0,0.0,0.0,0.0,3,0.0,0.3,,1
2020-03-21,7,0,0,4.0,0.0,0.0,7,1.3333333333333333,0.5666666666666667,inf,1
2020-03-22,9,0,0,2.0,0.0,0.0,9,0.2857142857142857,0.4238095238095238,0.5,1
2020-03-23,15,0,0,6.0,0.0,0.0,15,0.6666666666666666,0.45714285714285713,3.0,1
2020-03-24,20,0,0,5.0,0.0,0.0,20,0.3333333333333333,0.5238095238095237,0.8333333333333334,1
2020-03-25,29,0,0,9.0,0.0,0.0,29,0.45,0.6138095238095238,1.8,1
2020-03-26,33,0,0,4.0,0.0,0.0,33,0.13793103448275862,0.37472906403940887,0.4444444444444444,1
2020-03-27,43,0,0,10.0,0.0,0.0,43,0.30303030303030304,0.37819226750261226,2.5,1
2020-03-28,44,1,0,1.0,1.0,0.0,43,0.023255813953488372,0.24951009695997667,0.1,1
2020-03-29,46,1,0,2.0,0.0,0.0,45,0.045454545454545456,0.19193433938421908,2.0,1
2020-03-30,48,1,0,2.0,0.0,0.0,47,0.043478260869565216,0.11062999155813213,1.0,1
2020-03-31,48,1,0,0.0,0.0,0.0,47,0.0,0.08304378466158042,0.0,1
2020-04-01,49,2,0,1.0,1.0,0.0,47,0.020833333333333332,0.026604390722186476,inf,1
2020-04-02,51,3,0,2.0,1.0,0.0,48,0.04081632653061224,0.03011649323761125,2.0,1
2020-04-03,70,3,0,19.0,0.0,0.0,67,0.37254901960784315,0.09553538806827078,9.5,1
2020-04-04,82,3,0,12.0,0.0,0.0,79,0.17142857142857143,0.12112545018007206,0.631578947368421,1
2020-04-05,82,3,0,0.0,0.0,0.0,79,0.0,0.12112545018007206,0.0,1
2020-04-06,89,4,0,7.0,1.0,0.0,85,0.08536585365853659,0.1340319542451127,inf,1
2020-04-07,94,6,0,5.0,2.0,0.0,88,0.056179775280898875,0.13710464399517003,0.7142857142857143,1
2020-04-08,99,7,0,5.0,1.0,0.0,92,0.05319148936170213,0.0732331379459418,1.0,1
2020-04-09,102,15,0,3.0,8.0,0.0,87,0.030303030303030304,0.04500802972083358,0.6,1
2020-04-10,106,17,0,4.0,2.0,0.0,89,0.0392156862745098,0.05285116697573554,1.3333333333333333,1
2020-04-11,109,17,0,3.0,0.0,0.0,92,0.02830188679245283,0.041438373602518785,0.75,1
2020-04-12,110,17,0,1.0,0.0,0.0,93,0.009174311926605505,0.03203728093166011,0.3333333333333333,1
2020-04-13,112,18,0,2.0,1.0,0.0,94,0.01818181818181818,0.025035346695683323,2.0,1
2020-04-14,112,22,0,0.0,4.0,0.0,90,0.0,0.018974740635077265,0.0,1
2020-04-15,114,27,0,2.0,5.0,0.0,87,0.017857142857142856,0.014703031951603874,inf,1
2020-04-16,114,30,0,0.0,3.0,0.0,84,0.0,0.009042654593113309,0.0,1
2020-04-17,115,41,0,1.0,11.0,0.0,74,0.008771929824561403,0.008962178172704487,inf,1
2020-04-18,115,44,0,0.0,3.0,0.0,71,0.0,0.005325814536340852,0.0,1
2020-04-19,115,47,1,0.0,3.0,1.0,67,0.0,0.005325814536340852,,1
2020-04-20,116,51,1,1.0,4.0,0.0,64,0.008695652173913044,0.003493516399694889,inf,1
2020-04-21,117,55,1,1.0,4.0,0.0,61,0.008620689655172414,0.005217654330729372,1.0,1
2020-04-22,117,61,1,0.0,6.0,0.0,55,0.0,0.0034632683658170917,0.0,1
2020-04-23,118,66,1,1.0,5.0,0.0,51,0.008547008547008548,0.005172670075218801,inf,1
2020-04-24,118,73,1,0.0,7.0,0.0,44,0.0,0.005172670075218801,0.0,1
2020-04-25,118,76,1,0.0,3.0,0.0,41,0.0,0.003433539640436192,,1
2020-04-26,118,76,1,0.0,0.0,0.0,41,0.0,0.0017094017094017096,,1
2020-04-27,118,78,1,0.0,2.0,0.0,39,0.0,0.0017094017094017096,,1
2020-04-28,119,80,1,1.0,2.0,0.0,38,0.00847457627118644,0.001694915254237288,inf,1
2020-04-29,119,85,1,0.0,5.0,0.0,33,0.0,0.001694915254237288,0.0,1
2020-04-30,123,93,1,4.0,8.0,0.0,29,0.03361344537815126,0.00841760432986754,inf,1
2020-05-01,127,94,1,4.0,1.0,0.0,32,0.032520325203252036,0.014921669370517948,1.0,1
2020-05-02,127,96,1,0.0,2.0,0.0,30,0.0,0.014921669370517948,0.0,1
2020-05-03,128,96,1,1.0,0.0,0.0,31,0.007874015748031496,0.014801557265886958,inf,1
2020-05-04,130,98,1,2.0,2.0,0.0,31,0.015625,0.017926557265886957,2.0,1
2020-05-05,134,99,1,4.0,1.0,0.0,34,0.03076923076923077,0.01735771434410286,2.0,1
2020-05-06,137,100,1,3.0,1.0,0.0,36,0.022388059701492536,0.01533126124375096,0.75,1
2020-05-07,137,103,1,0.0,3.0,0.0,33,0.0,0.01533126124375096,0.0,1
2020-05-08,138,103,1,1.0,0.0,0.0,34,0.0072992700729927005,0.015216312108743201,inf,1
2020-05-09,138,103,2,0.0,0.0,1.0,33,0.0,0.012091312108743202,0.0,1
2020-05-10,138,103,2,0.0,0.0,0.0,33,0.0,0.005937465954897048,,1
2020-05-11,141,103,2,3.0,0.0,0.0,36,0.021739130434782608,0.005807680101555061,inf,1
2020-05-12,143,103,2,2.0,0.0,0.0,38,0.014184397163120567,0.008644559534179174,0.6666666666666666,1
2020-05-13,145,103,2,2.0,0.0,0.0,40,0.013986013986013986,0.009981908316783432,1.0,1
2020-05-14,148,103,2,3.0,0.0,0.0,43,0.020689655172413793,0.014119839351266188,1.5,1
2020-05-15,149,104,2,1.0,1.0,0.0,43,0.006756756756756757,0.015471190702617543,0.3333333333333333,1
2020-05-16,155,104,2,6.0,0.0,0.0,49,0.040268456375838924,0.019177055890828805,6.0,1
2020-05-17,157,104,2,2.0,0.0,0.0,51,0.012903225806451613,0.018920821619495015,0.3333333333333333,1
2020-05-18,200,106,2,43.0,2.0,0.0,92,0.27388535031847133,0.07090068888598647,21.5,1
2020-05-19,223,107,2,23.0,1.0,0.0,114,0.115,0.08976275785150371,0.5348837209302325,1
2020-05-20,252,108,2,29.0,1.0,0.0,142,0.13004484304932734,0.11442037511001786,1.2608695652173914,1
2020-05-21,263,110,2,11.0,2.0,0.0,151,0.04365079365079365,0.11509684256500878,0.3793103448275862,1
2020-05-22,278,112,2,15.0,2.0,0.0,164,0.057034220532319393,0.12392304151018234,1.3636363636363635,1
2020-05-23,315,112,2,37.0,0.0,0.0,201,0.13309352517985612,0.0957646764824593,2.466666666666667,1
2020-05-24,361,113,2,46.0,1.0,0.0,246,0.14603174603174604,0.10197102568880849,1.2432432432432432,1
2020-05-25,385,115,2,24.0,2.0,0.0,268,0.0664819944598338,0.0892584559709098,0.5217391304347826,1
2020-05-26,409,119,2,24.0,4.0,0.0,288,0.06233766233766234,0.09299582970828353,1.0,1
2020-05-27,419,119,2,10.0,0.0,0.0,298,0.02444987775061125,0.0864789611519419,0.4166666666666667,1
2020-05-28,431,121,2,12.0,2.0,0.0,308,0.028639618138424822,0.06558817974365565,1.2,1
2020-05-29,446,124,2,15.0,3.0,0.0,320,0.03480278422273782,0.043342387381854,1.25,1
2020-05-30,454,124,2,8.0,0.0,0.0,328,0.017937219730941704,0.03363343243607558,0.5333333333333333,1
2020-05-31,461,124,2,7.0,0.0,0.0,335,0.015418502202643172,0.024249600409071752,0.875,1
2020-06-01,467,125,2,6.0,1.0,0.0,340,0.013015184381778741,0.02196266173530525,0.8571428571428571,1
2020-06-02,479,127,2,12.0,2.0,0.0,350,0.02569593147751606,0.0213739244031235,2.0,1
2020-06-03,497,134,2,18.0,7.0,0.0,361,0.037578288100208766,0.021929025178617688,1.5,1
2020-06-04,509,140,2,12.0,6.0,0.0,367,0.02414486921529175,0.0231705550754877,0.6666666666666666,1
2020-06-05,514,145,2,5.0,5.0,0.0,367,0.009823182711198428,0.022051491177198748,0.4166666666666667,1
2020-06-06,522,145,2,8.0,0.0,0.0,375,0.01556420233463035,0.02256129476776907,1.6,1
2020-06-07,539,145,2,17.0,0.0,0.0,392,0.032567049808429116,0.02393551843395168,2.125,1
2020-06-08,566,149,2,27.0,4.0,0.0,415,0.05009276437847866,0.02643841368960566,1.588235294117647,1
2020-06-09,592,154,2,26.0,5.0,0.0,436,0.045936395759717315,0.030796718998490773,0.9629629629629629,1
2020-06-10,611,172,2,19.0,18.0,0.0,437,0.03209459459459459,0.03525100137517001,0.7307692307692307,1
2020-06-11,621,182,2,10.0,10.0,0.0,437,0.016366612111292964,0.03541148333050253,0.5263157894736842,1
2020-06-12,629,193,3,8.0,11.0,1.0,433,0.01288244766505636,0.03147456290182798,0.8,1
2020-06-13,643,196,3,14.0,3.0,0.0,444,0.022257551669316374,0.025907520359995523,1.75,1
2020-06-14,647,196,4,4.0,0.0,1.0,447,0.006220839813374806,0.01796440917072702,0.2857142857142857,1
2020-06-15,653,201,4,6.0,5.0,0.0,448,0.00927357032457496,0.013400204316723095,1.5,1
2020-06-16,660,213,5,7.0,12.0,1.0,442,0.010719754977029096,0.01227083288987032,1.1666666666666667,1
2020-06-17,679,226,5,19.0,13.0,0.0,448,0.02878787878787879,0.015451919114434803,2.7142857142857144,1
2020-06-18,729,237,5,50.0,11.0,0.0,487,0.07363770250368189,0.02572794928130791,2.6315789473684212,1
2020-06-19,758,257,5,29.0,20.0,0.0,496,0.039780521262002745,0.03243988557103349,0.58,1
2020-06-20,777,259,5,19.0,2.0,0.0,513,0.025065963060686015,0.035598364118255704,0.6551724137931034,1
2020-06-21,785,260,5,8.0,1.0,0.0,520,0.010296010296010296,0.03551361518205194,0.42105263157894735,1
2020-06-22,793,265,5,8.0,5.0,0.0,523,0.01019108280254777,0.03179425598498574,1.0,1
2020-06-23,823,274,5,30.0,9.0,0.0,544,0.03783102143757881,0.024632919771765127,3.75,1
2020-06-24,865,294,5,42.0,20.0,0.0,566,0.05103280680437424,0.026883376880239424,1.4,1
2020-06-25,909,304,5,44.0,10.0,0.0,600,0.05086705202312139,0.03204359467272651,1.0476190476190477,1
2020-06-26,989,322,5,80.0,18.0,0.0,662,0.08800880088008801,0.04758615278954205,1.8181818181818181,1
2020-06-27,1132,327,5,143.0,5.0,0.0,800,0.14459049544994945,0.07446603531902238,1.7875,1
2020-06-28,1310,330,5,178.0,3.0,0.0,975,0.15724381625441697,0.09834859428239001,1.2447552447552448,1
2020-06-29,1439,337,5,129.0,7.0,0.0,1097,0.0984732824427481,0.10783668941006479,0.7247191011235955,1
2020-06-30,1521,353,5,82.0,16.0,0.0,1163,0.05698401667824878,0.10906008234109026,0.6356589147286822,1
2020-07-01,1556,364,5,35.0,11.0,0.0,1187,0.023011176857330704,0.0960605575365388,0.4268292682926829,1
2020-07-02,1612,371,5,56.0,7.0,0.0,1236,0.03598971722365039,0.07434040189127898,1.6,1
2020-07-03,1668,379,5,56.0,8.0,0.0,1284,0.034739454094292806,0.04983952945925415,1.0,1
2020-07-04,1729,385,6,61.0,6.0,1.0,1338,0.03657074340527578,0.0374590216517597,1.0892857142857142,1
2020-07-05,1762,386,6,33.0,1.0,0.0,1370,0.019086176980913822,0.029879453712292697,0.5409836065573771,1
2020-07-06,1788,388,6,26.0,2.0,0.0,1394,0.014755959137343927,0.028228410168295342,0.7878787878787878,1
2020-07-07,1821,393,6,33.0,5.0,0.0,1422,0.018456375838926176,0.024721741891350502,1.2692307692307692,1
2020-07-08,1858,399,6,37.0,6.0,0.0,1453,0.020318506315211423,0.02183755233553423,1.121212121212121,1
2020-07-09,1886,404,7,28.0,5.0,1.0,1475,0.015069967707212056,0.01753739719592148,0.7567567567567568,1
2020-07-10,1918,407,7,32.0,3.0,0.0,1504,0.016967126193001062,0.01711358703833893,1.1428571428571428,1
2020-07-11,1940,409,7,22.0,2.0,0.0,1524,0.011470281543274244,0.016456451519524993,0.6875,1
2020-07-12,1962,411,7,22.0,2.0,0.0,1544,0.01134020618556701,0.015033217588853159,1.0,1
2020-07-13,1976,417,8,14.0,6.0,1.0,1551,0.007135575942915392,0.012396631514393953,0.6363636363636364,1
2020-07-14,1992,430,8,16.0,13.0,0.0,1554,0.008097165991902834,0.011002071171332109,1.1428571428571428,1
2020-07-15,2011,433,8,19.0,3.0,0.0,1570,0.009538152610441768,0.00951627645482025,1.1875,1
