date,positive_total,deceased_total,recovered_total,positive_daily,recovered_daily,deceased_daily,active,positive_increase,positive_increase_5d,growth_factor,ones
2020-03-01,0,0,0,,,,0,,,,1
2020-03-02,0,0,0,0.0,0.0,0.0,0,,,,1
2020-03-03,0,0,0,0.0,0.0,0.0,0,,,,1
2020-03-04,0,0,0,0.0,0.0,0.0,0,,,,1
2020-03-05,0,0,0,0.0,0.0,0.0,0,,,,1
2020-03-06,0,0,0,0.0,0.0,0.0,0,,,,1
2020-03-07,0,0,0,0.0,0.0,0.0,0,,,,1
2020-03-08,0,0,0,0.0,0.0,0.0,0,,,,1
2020-03-09,0,0,0,0.0,0.0,0.0,0,,,,1
2020-03-10,0,0,0,0.0,0.0,0.0,0,,,,1
2020-03-11,0,0,0,0.0,0.0,0.0,0,,,,1
2020-03-12,0,0,0,0.0,0.0,0.0,0,,,,1
2020-03-13,0,0,0,0.0,0.0,0.0,0,,,,1
2020-03-14,0,0,0,0.0,0.0,0.0,0,,,,1
2020-03-15,1,0,0,1.0,0.0,0.0,1,inf,,inf,1
2020-03-16,1,0,0,0.0,0.0,0.0,1,0.0,,0.0,1
2020-03-17,2,0,0,1.0,0.0,0.0,2,1.0,,inf,1
2020-03-18,3,0,0,1.0,0.0,0.0,3,0.5,,1.0,1
2020-03-19,3,0,0,0.0,0.0,0.0,3,0.0,inf,0.0,1
2020-03-20,3,0,0,0.0,0.0,0.0,3,0.0,0.3,,1
2020-03-21,8,0,0,5.0,0.0,0.0,8,1.6666666666666667,0.6333333333333334,inf,1
2020-03-22,10,0,0,2.0,0.0,0.0,10,0.25,0.4833333333333334,0.4,1
2020-03-23,15,0,0,5.0,0.0,0.0,15,0.5,0.4833333333333334,2.5,1
2020-03-24,20,0,0,5.0,0.0,0.0,20,0.3333333333333333,0.55,1.0,1
2020-03-25,30,0,0,10.0,0.0,0.0,30,0.5,0.65,2.0,1
2020-03-26,37,0,0,7.0,0.0,0.0,37,0.23333333333333334,0.36333333333333334,0.7,1
2020-03-27,42,0,0,5.0,0.0,0.0,42,0.13513513513513514,0.3403603603603603,0.7142857142857143,1
2020-03-28,46,0,0,4.0,0.0,0.0,46,0.09523809523809523,0.25940797940797944,0.8,1
2020-03-29,47,0,0,1.0,0.0,0.0,47,0.021739130434782608,0.19708913882826926,0.25,1
2020-03-30,49,0,0,2.0,0.0,0.0,49,0.0425531914893617,0.10559977712614162,2.0,1
2020-03-31,50,0,0,1.0,0.0,0.0,50,0.02040816326530612,0.06301474311253616,0.5,1
2020-04-01,50,0,0,0.0,0.0,0.0,50,0.0,0.03598771608550914,0.0,1
2020-04-02,51,0,0,1.0,0.0,0.0,51,0.02,0.020940097037890085,inf,1
2020-04-03,67,0,0,16.0,0.0,0.0,67,0.3137254901960784,0.07933736899014926,16.0,1
2020-04-04,73,0,0,6.0,0.0,0.0,73,0.08955223880597014,0.08873717845347094,0.375,1
2020-04-05,82,0,0,9.0,0.0,0.0,82,0.1232876712328767,0.10931308004698506,1.5,1
2020-04-06,89,0,1,7.0,1.0,0.0,88,0.08536585365853659,0.12638625077869237,0.7777777777777778,1
2020-04-07,93,0,2,4.0,1.0,0.0,91,0.0449438202247191,0.1313750148236362,0.5714285714285714,1
2020-04-08,97,0,2,4.0,0.0,0.0,95,0.043010752688172046,0.07723206732205491,1.0,1
2020-04-09,100,0,9,3.0,7.0,0.0,91,0.030927835051546393,0.06550718657117016,0.75,1
2020-04-10,103,0,10,3.0,1.0,0.0,93,0.03,0.04684965232459483,1.0,1
2020-04-11,106,0,10,3.0,0.0,0.0,96,0.02912621359223301,0.03560172431133411,1.0,1
2020-04-12,109,0,10,3.0,0.0,0.0,99,0.02830188679245283,0.03227333762488086,1.0,1
2020-04-13,111,0,11,2.0,1.0,0.0,100,0.01834862385321101,0.02734091185788865,0.6666666666666666,1
2020-04-14,112,0,15,1.0,4.0,0.0,97,0.009009009009009009,0.02295714664938117,0.5,1
2020-04-15,112,0,15,0.0,0.0,0.0,97,0.0,0.016957146649381173,0.0,1
2020-04-16,114,0,16,2.0,1.0,0.0,98,0.017857142857142856,0.014703332502363142,inf,1
2020-04-17,115,0,23,1.0,7.0,0.0,92,0.008771929824561403,0.010797341108784855,0.5,1
2020-04-18,115,0,23,0.0,0.0,0.0,92,0.0,0.0071276163381426534,0.0,1
2020-04-19,115,1,23,0.0,0.0,1.0,91,0.0,0.005325814536340852,,1
2020-04-20,116,1,24,1.0,1.0,0.0,91,0.008695652173913044,0.00706494497112346,inf,1
2020-04-21,117,1,26,1.0,2.0,0.0,90,0.008620689655172414,0.005217654330729372,1.0,1
2020-04-22,117,1,32,0.0,6.0,0.0,84,0.0,0.0034632683658170917,0.0,1
2020-04-23,117,1,36,0.0,4.0,0.0,80,0.0,0.0034632683658170917,,1
2020-04-24,118,1,41,1.0,5.0,0.0,76,0.008547008547008548,0.005172670075218801,inf,1
2020-04-25,118,1,44,0.0,3.0,0.0,73,0.0,0.003433539640436192,0.0,1
2020-04-26,118,1,44,0.0,0.0,0.0,73,0.0,0.0017094017094017096,,1
2020-04-27,118,1,46,0.0,2.0,0.0,71,0.0,0.0017094017094017096,,1
2020-04-28,119,1,46,1.0,0.0,0.0,72,0.00847457627118644,0.003404316963638998,inf,1
2020-04-29,120,1,48,1.0,2.0,0.0,71,0.008403361344537815,0.003375587523144851,1.0,1
2020-04-30,121,1,55,1.0,7.0,0.0,65,0.008333333333333333,0.005042254189811518,1.0,1
2020-05-01,126,1,56,5.0,1.0,0.0,69,0.04132231404958678,0.013306716999728874,5.0,1
2020-05-02,127,1,58,1.0,2.0,0.0,68,0.007936507936507936,0.014894018587030461,0.2,1
2020-05-03,128,1,58,1.0,0.0,0.0,69,0.007874015748031496,0.014773906482399471,1.0,1
2020-05-04,131,1,59,3.0,1.0,0.0,71,0.0234375,0.017780734213491908,3.0,1
2020-05-05,132,1,59,1.0,0.0,0.0,72,0.007633587786259542,0.01764078510407715,0.3333333333333333,1
2020-05-06,137,1,60,5.0,1.0,0.0,76,0.03787878787878788,0.016952079869917373,5.0,1
2020-05-07,137,1,63,0.0,3.0,0.0,73,0.0,0.015364778282615784,0.0,1
2020-05-08,138,1,63,1.0,0.0,0.0,74,0.0072992700729927005,0.015249829147608024,inf,1
2020-05-09,139,2,63,1.0,0.0,1.0,74,0.007246376811594203,0.012011604509926865,1.0,1
2020-05-10,140,2,63,1.0,0.0,0.0,75,0.007194244604316547,0.011923735873538266,1.0,1
2020-05-11,142,2,63,2.0,0.0,0.0,77,0.014285714285714285,0.007205121154923548,2.0,1
2020-05-12,145,2,63,3.0,0.0,0.0,80,0.02112676056338028,0.011430473267599602,1.5,1
2020-05-13,146,2,63,1.0,0.0,0.0,81,0.006896551724137931,0.01134992959782865,0.3333333333333333,1
2020-05-14,148,2,63,2.0,0.0,0.0,83,0.0136986301369863,0.012640380262907069,2.0,1
2020-05-15,150,2,63,2.0,0.0,0.0,85,0.013513513513513514,0.013904234044746463,1.0,1
2020-05-16,158,2,63,8.0,0.0,0.0,93,0.05333333333333334,0.021713757854270273,4.0,1
2020-05-17,161,2,63,3.0,0.0,0.0,96,0.0189873417721519,0.021285874096024594,0.375,1
2020-05-18,190,2,65,29.0,2.0,0.0,123,0.18012422360248448,0.0559314084716939,9.666666666666666,1
2020-05-19,231,2,65,41.0,0.0,0.0,164,0.21578947368421053,0.09634957718113875,1.4137931034482758,1
2020-05-20,259,2,66,28.0,1.0,0.0,191,0.12121212121212122,0.11788929872086029,0.6829268292682927,1
2020-05-21,275,2,67,16.0,1.0,0.0,206,0.06177606177606178,0.11957784440940597,0.5714285714285714,1
2020-05-22,290,2,69,15.0,2.0,0.0,219,0.05454545454545454,0.12668946696406652,0.9375,1
2020-05-23,318,2,69,28.0,0.0,0.0,247,0.09655172413793103,0.10997496707115581,1.8666666666666667,1
2020-05-24,351,2,70,33.0,1.0,0.0,279,0.10377358490566038,0.08757178931544579,1.1785714285714286,1
2020-05-25,385,2,71,34.0,1.0,0.0,312,0.09686609686609686,0.08270258444624093,1.0303030303030303,1
2020-05-26,408,2,72,23.0,1.0,0.0,334,0.05974025974025974,0.08229542403908052,0.6764705882352942,1
2020-05-27,431,2,72,23.0,0.0,0.0,357,0.056372549019607844,0.08266084293391116,1.0,1
2020-05-28,442,2,74,11.0,2.0,0.0,366,0.025522041763341066,0.06845490645899317,0.4782608695652174,1
2020-05-29,452,2,76,10.0,2.0,0.0,374,0.02262443438914027,0.05222507635568916,0.9090909090909091,1
2020-05-30,461,2,76,9.0,0.0,0.0,383,0.01991150442477876,0.036834157867425533,0.9,1
2020-05-31,468,2,76,7.0,0.0,0.0,390,0.015184381778741865,0.02792298227512196,0.7777777777777778,1
2020-06-01,476,2,76,8.0,0.0,0.0,398,0.017094017094017096,0.020067275890003813,1.1428571428571428,1
2020-06-02,486,2,77,10.0,1.0,0.0,407,0.02100840336134454,0.019164548209604507,1.25,1
2020-06-03,503,2,78,17.0,1.0,0.0,423,0.03497942386831276,0.021635546105439003,1.7,1
2020-06-04,510,2,81,7.0,3.0,0.0,427,0.013916500994035786,0.020436545419290405,0.4117647058823529,1
2020-06-05,518,2,83,8.0,2.0,0.0,433,0.01568627450980392,0.02053692396550282,1.1428571428571428,1
2020-06-06,525,2,83,7.0,0.0,0.0,440,0.013513513513513514,0.019820823249402104,0.875,1
2020-06-07,531,2,83,6.0,0.0,0.0,446,0.011428571428571429,0.017904856862847478,0.8571428571428571,1
2020-06-08,581,2,84,50.0,1.0,0.0,495,0.09416195856873823,0.029741363802932574,8.333333333333334,1
2020-06-09,599,2,85,18.0,1.0,0.0,512,0.03098106712564544,0.03315427702925451,0.36,1
2020-06-10,606,2,92,7.0,7.0,0.0,512,0.011686143572621035,0.03235425084181793,0.3888888888888889,1
2020-06-11,625,2,97,19.0,5.0,0.0,526,0.03135313531353135,0.0359221752018215,2.7142857142857144,1
2020-06-12,638,3,100,13.0,3.0,1.0,535,0.0208,0.03779646091610721,0.6842105263157895,1
2020-06-13,644,3,101,6.0,1.0,0.0,540,0.009404388714733543,0.020844946945306274,0.46153846153846156,1
2020-06-14,648,4,101,4.0,0.0,1.0,543,0.006211180124223602,0.015890969545021904,0.6666666666666666,1
2020-06-15,655,4,102,7.0,1.0,0.0,549,0.010802469135802469,0.015714234657658192,1.75,1
2020-06-16,667,5,108,12.0,6.0,1.0,554,0.0183206106870229,0.013107729732356504,1.7142857142857142,1
2020-06-17,692,5,113,25.0,5.0,0.0,574,0.037481259370314844,0.016443981606419474,2.0833333333333335,1
2020-06-18,711,5,117,19.0,4.0,0.0,589,0.02745664739884393,0.02005443334324155,0.76,1
2020-06-19,744,5,134,33.0,17.0,0.0,605,0.046413502109704644,0.028094897740337754,1.736842105263158,1
2020-06-20,764,5,135,20.0,1.0,0.0,624,0.026881720430107527,0.031310747999198765,0.6060606060606061,1
2020-06-21,780,5,136,16.0,1.0,0.0,639,0.020942408376963352,0.03183510753718686,0.8,1
2020-06-22,793,5,137,13.0,1.0,0.0,651,0.016666666666666666,0.027672188996457226,0.8125,1
2020-06-23,815,5,143,22.0,6.0,0.0,667,0.027742749054224466,0.027729409327533327,1.6923076923076923,1
2020-06-24,847,5,150,32.0,7.0,0.0,692,0.0392638036809816,0.02629946964178872,1.4545454545454546,1
2020-06-25,881,5,156,34.0,6.0,0.0,720,0.04014167650531287,0.028951460856829793,1.0625,1
2020-06-26,919,5,169,38.0,13.0,0.0,745,0.043132803632236094,0.03338953990788433,1.1176470588235294,1
2020-06-27,998,5,173,79.0,4.0,0.0,820,0.08596300326441784,0.047248807227434575,2.0789473684210527,1
2020-06-28,1100,5,173,102.0,0.0,0.0,922,0.10220440881763528,0.06214113918011673,1.2911392405063291,1
2020-06-29,1282,5,177,182.0,4.0,0.0,1100,0.16545454545454547,0.08737928753482951,1.7843137254901962,1
2020-06-30,1355,5,181,73.0,4.0,0.0,1169,0.05694227769110764,0.09073940777198847,0.4010989010989011,1
2020-07-01,1405,5,182,50.0,1.0,0.0,1218,0.03690036900369004,0.08949292084627926,0.684931506849315,1
