date,positive_total,recovered_total,deceased_total,positive_daily,recovered_daily,deceased_daily,active,positive_increase,positive_increase_5d,growth_factor,ones
2020-03-01,2,0,0,,,,2,,,,1
2020-03-02,2,0,0,0.0,0.0,0.0,2,0.0,,,1
2020-03-03,2,0,0,0.0,0.0,0.0,2,0.0,,,1
2020-03-04,3,0,0,1.0,0.0,0.0,3,0.5,,inf,1
2020-03-05,3,0,0,0.0,0.0,0.0,3,0.0,,0.0,1
2020-03-06,11,0,0,8.0,0.0,0.0,11,2.6666666666666665,0.6333333333333333,inf,1
2020-03-07,15,0,0,4.0,0.0,0.0,15,0.36363636363636365,0.706060606060606,0.5,1
2020-03-08,15,0,0,0.0,0.0,0.0,15,0.0,0.706060606060606,0.0,1
2020-03-09,19,0,0,4.0,0.0,0.0,19,0.26666666666666666,0.6593939393939394,inf,1
2020-03-10,31,0,0,12.0,0.0,0.0,31,0.631578947368421,0.7857097288676236,3.0,1
2020-03-11,37,0,0,6.0,0.0,0.0,37,0.1935483870967742,0.29108607295364514,0.5,1
2020-03-12,49,0,0,12.0,0.0,0.0,49,0.32432432432432434,0.28322366509123725,2.0,1
2020-03-13,56,0,0,7.0,0.0,0.0,56,0.14285714285714285,0.3117950936626658,0.5833333333333334,1
2020-03-14,71,0,0,15.0,0.0,0.0,71,0.26785714285714285,0.31203318890076104,2.142857142857143,1
2020-03-15,110,0,0,39.0,0.0,0.0,110,0.5492957746478874,0.2955765543566543,2.6,1
2020-03-16,130,0,0,20.0,0.0,0.0,130,0.18181818181818182,0.2932305133009358,0.5128205128205128,1
2020-03-17,150,0,0,20.0,0.0,0.0,150,0.15384615384615385,0.25913487920530176,1.0,1
2020-03-18,182,0,0,32.0,0.0,0.0,182,0.21333333333333335,0.2732301173005398,1.6,1
2020-03-19,260,0,0,78.0,0.0,0.0,260,0.42857142857142855,0.305372974443397,2.4375,1
2020-03-20,293,1,0,33.0,1.0,0.0,292,0.12692307692307692,0.22089843489843491,0.4230769230769231,1
2020-03-21,354,6,0,61.0,5.0,0.0,348,0.20819112627986347,0.22617302379077123,1.8484848484848484,1
2020-03-22,380,6,1,26.0,0.0,1.0,373,0.07344632768361582,0.2100930585582636,0.4262295081967213,1
2020-03-23,418,7,1,38.0,1.0,0.0,410,0.1,0.18742639189159696,1.4615384615384615,1
2020-03-24,476,10,2,58.0,3.0,1.0,464,0.13875598086124402,0.12946330234956005,1.5263157894736843,1
2020-03-25,558,13,6,82.0,3.0,4.0,539,0.1722689075630252,0.1385324684775497,1.4137931034482758,1
2020-03-26,626,16,6,68.0,3.0,0.0,604,0.12186379928315412,0.12126700307820784,0.8292682926829268,1
2020-03-27,735,22,8,109.0,6.0,2.0,705,0.17412140575079874,0.14140201869164443,1.6029411764705883,1
2020-03-28,791,25,11,56.0,3.0,3.0,755,0.0761904761904762,0.13664011392973965,0.5137614678899083,1
2020-03-29,823,29,13,32.0,4.0,2.0,781,0.040455120101137804,0.11697994177771842,0.5714285714285714,1
2020-03-30,860,37,17,37.0,8.0,4.0,806,0.04495747266099635,0.09151765479731264,1.15625,1
2020-03-31,917,44,20,57.0,7.0,3.0,853,0.06627906976744186,0.0804007088941702,1.5405405405405406,1
2020-04-01,995,56,23,78.0,12.0,3.0,916,0.08505997818974918,0.06258842338196029,1.368421052631579,1
2020-04-02,1077,66,25,82.0,10.0,2.0,986,0.08241206030150754,0.06383274020416654,1.0512820512820513,1
2020-04-03,1137,87,29,60.0,21.0,4.0,1021,0.055710306406685235,0.06688377746527605,0.7317073170731707,1
2020-04-04,1164,106,34,27.0,19.0,5.0,1024,0.023746701846965697,0.0626416233024699,0.45,1
2020-04-05,1202,114,37,38.0,8.0,3.0,1051,0.03264604810996564,0.05591501897097466,1.4074074074074074,1
2020-04-06,1238,158,40,36.0,44.0,3.0,1040,0.029950083194675542,0.044893039971959925,0.9473684210526315,1
2020-04-07,1270,197,44,32.0,39.0,4.0,1029,0.025848142164781908,0.033580256344614805,0.8888888888888888,1
2020-04-08,1325,233,50,55.0,36.0,6.0,1042,0.04330708661417323,0.0310996123861124,1.71875,1
2020-04-09,1365,295,51,40.0,62.0,1.0,1019,0.03018867924528302,0.032388007865775864,0.7272727272727273,1
2020-04-10,1399,332,58,34.0,37.0,7.0,1009,0.02490842490842491,0.03084048322546772,0.85,1
2020-04-11,1418,372,62,19.0,40.0,4.0,984,0.013581129378127233,0.02756669246215806,0.5588235294117647,1
2020-04-12,1434,406,65,16.0,34.0,3.0,963,0.011283497884344146,0.024653763606070505,0.8421052631578947,1
2020-04-13,1444,440,69,10.0,34.0,4.0,935,0.00697350069735007,0.017387046422705877,0.625,1
2020-04-14,1455,511,71,11.0,71.0,2.0,873,0.007617728531855956,0.012872856280020462,1.1,1
2020-04-15,1494,581,71,39.0,70.0,0.0,842,0.026804123711340205,0.013251996040603523,3.5454545454545454,1
2020-04-16,1516,678,71,22.0,97.0,0.0,767,0.014725568942436412,0.013480883953465358,0.5641025641025641,1
2020-04-17,1538,766,72,22.0,88.0,1.0,700,0.014511873350923483,0.014126559046781225,1.0,1
2020-04-18,1566,796,74,28.0,30.0,2.0,696,0.018205461638491547,0.01637295123500952,1.2727272727272727,1
2020-04-19,1579,836,75,13.0,40.0,1.0,668,0.008301404853128991,0.01650968649926413,0.4642857142857143,1
2020-04-20,1622,878,78,43.0,42.0,3.0,666,0.027232425585813805,0.016595346874158846,3.3076923076923075,1
2020-04-21,1631,945,78,9.0,67.0,0.0,608,0.005548705302096177,0.014759974146090798,0.20930232558139536,1
2020-04-22,1645,999,78,14.0,54.0,0.0,568,0.008583690987124463,0.013574337673330997,1.5555555555555556,1
2020-04-23,1647,1031,81,2.0,32.0,3.0,535,0.0012158054711246201,0.010176406439857611,0.14285714285714285,1
2020-04-24,1661,1078,83,14.0,47.0,2.0,500,0.008500303582270795,0.010216186185685972,7.0,1
2020-04-25,1675,1103,85,14.0,25.0,2.0,487,0.008428657435279952,0.0064554325555792,1.0,1
2020-04-26,1676,1113,85,1.0,10.0,0.0,478,0.0005970149253731343,0.005465094480234593,0.07142857142857142,1
2020-04-27,1680,1150,85,4.0,37.0,0.0,445,0.002386634844868735,0.004225683251783447,4.0,1
2020-04-28,1689,1171,85,9.0,21.0,0.0,433,0.005357142857142857,0.005053950728987094,2.25,1
2020-04-29,1699,1195,86,10.0,24.0,1.0,418,0.005920663114268798,0.004538022635386696,1.1111111111111112,1
2020-04-30,1721,1236,87,22.0,41.0,1.0,398,0.012948793407886992,0.005442049829908104,2.2,1
2020-05-01,1733,1265,88,12.0,29.0,1.0,380,0.006972690296339338,0.006717184904101345,0.5454545454545454,1
2020-05-02,1735,1271,88,2.0,6.0,0.0,376,0.001154068090017311,0.006470671553131059,0.16666666666666666,1
2020-05-03,1736,1300,89,1.0,29.0,1.0,347,0.0005763688760806917,0.005514516756918626,0.5,1
2020-05-04,1743,1327,90,7.0,27.0,1.0,326,0.004032258064516129,0.005136835746968093,7.0,1
2020-05-05,1758,1360,90,15.0,33.0,0.0,308,0.008605851979345954,0.004268247461259885,2.142857142857143,1
2020-05-06,1768,1392,90,10.0,32.0,0.0,286,0.005688282138794084,0.004011365829750834,0.6666666666666666,1
2020-05-07,1782,1414,90,14.0,22.0,0.0,278,0.007918552036199095,0.005364262618987191,1.4,1
2020-05-08,1796,1431,90,14.0,17.0,0.0,275,0.007856341189674524,0.006820257081705958,1.0,1
2020-05-09,1808,1446,91,12.0,15.0,1.0,271,0.0066815144766146995,0.007350108364125671,0.8571428571428571,1
2020-05-10,1817,1456,92,9.0,10.0,1.0,269,0.00497787610619469,0.006624513189495418,0.75,1
2020-05-11,1829,1468,92,12.0,12.0,0.0,269,0.006604292790313704,0.006807715319799343,1.3333333333333333,1
2020-05-12,1835,1484,92,6.0,16.0,0.0,259,0.0032804811372334607,0.005880101140006215,0.5,1
2020-05-13,1856,1502,92,21.0,18.0,0.0,262,0.011444141689373298,0.0065976612399459705,3.5,1
2020-05-14,1869,1521,93,13.0,19.0,1.0,255,0.007004310344827586,0.006662220413588547,0.6190476190476191,1
2020-05-15,1884,1535,93,15.0,14.0,0.0,256,0.008025682182985553,0.007271781628946721,1.1538461538461537,1
2020-05-16,1899,1543,94,15.0,8.0,1.0,262,0.007961783439490446,0.007543279758782069,1.0,1
2020-05-17,1912,1546,94,13.0,3.0,0.0,272,0.006845708267509215,0.00825632518483722,0.8666666666666667,1
2020-05-18,1936,1564,94,24.0,18.0,0.0,278,0.012552301255230125,0.008477957098008585,1.8461538461538463,1
2020-05-19,1946,1573,94,10.0,9.0,0.0,279,0.005165289256198347,0.008110152880282736,0.4166666666666667,1
2020-05-20,1961,1588,94,15.0,15.0,0.0,279,0.007708119218910586,0.008046640287467743,1.5,1
2020-05-21,1963,1604,94,2.0,16.0,0.0,265,0.0010198878123406426,0.006658261162037783,0.13333333333333333,1
2020-05-22,1985,1614,94,22.0,10.0,0.0,277,0.011207335710646969,0.007530586650665335,11.0,1
2020-05-23,1988,1624,94,3.0,10.0,0.0,270,0.0015113350125944584,0.005322393402138201,0.13636363636363635,1
2020-05-24,1992,1628,94,4.0,4.0,0.0,270,0.002012072434607646,0.00469175003782006,1.3333333333333333,1
2020-05-25,1995,1641,94,3.0,13.0,0.0,260,0.0015060240963855422,0.0034513310133150515,0.75,1
2020-05-26,1998,1658,94,3.0,17.0,0.0,246,0.0015037593984962407,0.003548105330546171,1.0,1
2020-05-27,2006,1674,94,8.0,16.0,0.0,238,0.004004004004004004,0.002107438989217578,2.6666666666666665,1
2020-05-28,2018,1683,95,12.0,9.0,1.0,240,0.005982053838484547,0.003001582754395596,1.5,1
2020-05-29,2028,1695,95,10.0,12.0,0.0,238,0.004955401387512388,0.0035902485449765447,0.8333333333333334,1
2020-05-30,2036,1706,95,8.0,11.0,0.0,235,0.0039447731755424065,0.004077998360807917,0.8,1
2020-05-31,2044,1711,95,8.0,5.0,0.0,238,0.003929273084479371,0.004563101098004544,1.0,1
2020-06-01,2055,1753,96,11.0,42.0,1.0,206,0.0053816046966731895,0.0048386212365383804,1.375,1
2020-06-02,2070,1769,96,15.0,16.0,0.0,205,0.0072992700729927005,0.005102064483440011,1.3636363636363635,1
2020-06-03,2094,1787,96,24.0,18.0,0.0,211,0.011594202898550725,0.006429824785647678,1.6,1
2020-06-04,2109,1804,97,15.0,17.0,1.0,208,0.0071633237822349575,0.007073534906986189,0.625,1
2020-06-05,2114,1824,97,5.0,20.0,0.0,193,0.002370791844476055,0.006761838658985525,0.3333333333333333,1
2020-06-06,2116,1829,97,2.0,5.0,0.0,190,0.000946073793755913,0.00587473247840207,0.4,1
2020-06-07,2122,1837,97,6.0,8.0,0.0,188,0.002835538752362949,0.00498198621427612,3.0,1
2020-06-08,2135,1849,97,13.0,12.0,0.0,189,0.006126295947219604,0.0038884048240098957,2.1666666666666665,1
2020-06-09,2141,1857,97,6.0,8.0,0.0,187,0.002810304449648712,0.0030178009574926465,0.46153846153846156,1
2020-06-10,2155,1877,97,14.0,20.0,0.0,181,0.006539000467071462,0.0038514426820117284,2.3333333333333335,1
2020-06-11,2167,1890,98,12.0,13.0,1.0,179,0.005568445475638051,0.004775917018388155,0.8571428571428571,1
2020-06-12,2184,1904,98,17.0,14.0,0.0,182,0.007844946931241348,0.005777798654163835,1.4166666666666667,1
2020-06-13,2202,1912,98,18.0,8.0,0.0,192,0.008241758241758242,0.0062008911130715634,1.0588235294117647,1
2020-06-14,2216,1917,98,14.0,5.0,0.0,201,0.006357856494096276,0.006910401521961077,0.7777777777777778,1
2020-06-15,2229,1931,98,13.0,14.0,0.0,200,0.0058664259927797835,0.00677588662710274,0.9285714285714286,1
2020-06-16,2241,1943,98,12.0,12.0,0.0,200,0.005383580080753701,0.00673891354812587,0.9230769230769231,1
2020-06-17,2253,1953,98,12.0,10.0,0.0,202,0.00535475234270415,0.0062408746304184306,1.0,1
2020-06-18,2276,1967,99,23.0,14.0,1.0,210,0.010208610741233911,0.006634245130313565,1.9166666666666667,1
2020-06-19,2297,1971,99,21.0,4.0,0.0,227,0.00922671353251318,0.007208016537996945,0.9130434782608695,1
2020-06-20,2301,1974,100,4.0,3.0,1.0,227,0.0017414018284719198,0.006383011705135372,0.19047619047619047,1
2020-06-21,2310,1977,101,9.0,3.0,1.0,232,0.003911342894393742,0.00608856426786338,2.25,1
2020-06-22,2318,1986,101,8.0,9.0,0.0,231,0.003463203463203463,0.005710254491963244,0.8888888888888888,1
2020-06-23,2337,1991,101,19.0,5.0,0.0,245,0.00819672131147541,0.0053078766060115435,2.375,1
2020-06-24,2356,2006,104,19.0,15.0,3.0,246,0.008130081300813009,0.0050885501596715085,1.0,1
2020-06-25,2371,2020,104,15.0,14.0,0.0,247,0.006366723259762309,0.006013614445929587,0.7894736842105263,1
2020-06-26,2383,2037,104,12.0,17.0,0.0,242,0.005061155630535639,0.006243576993157967,0.8,1
2020-06-27,2393,2044,104,10.0,7.0,0.0,245,0.00419639110365086,0.006390214521247446,0.8333333333333334,1
2020-06-28,2401,2051,104,8.0,7.0,0.0,246,0.003343083994985374,0.005419487057949439,0.8,1
2020-06-29,2404,2060,104,3.0,9.0,0.0,240,0.0012494793835901709,0.004043366674504871,0.375,1
2020-06-30,2413,2078,104,9.0,18.0,0.0,231,0.0037437603993344427,0.0035187741024192976,3.0,1
2020-07-01,2421,2098,104,8.0,20.0,0.0,219,0.003315375051802735,0.0031696179866727166,0.8888888888888888,1
2020-07-02,2437,2113,105,16.0,15.0,1.0,219,0.00660883932259397,0.003652107630461339,2.0,1
2020-07-03,2448,2129,105,11.0,16.0,0.0,214,0.004513746409519901,0.0038862401133682436,0.6875,1
2020-07-04,2449,2140,106,1.0,11.0,1.0,203,0.0004084967320261438,0.003718043583055439,0.09090909090909091,1
2020-07-05,2457,2149,108,8.0,9.0,2.0,200,0.0032666394446712946,0.003622619392122809,8.0,1
2020-07-06,2466,2153,109,9.0,4.0,1.0,204,0.003663003663003663,0.0036921451143629947,1.125,1
2020-07-07,2471,2174,109,5.0,21.0,0.0,188,0.00202757502027575,0.0027758922538993506,0.5555555555555556,1
2020-07-08,2482,2228,109,11.0,54.0,0.0,145,0.004451639012545528,0.002763470774504476,2.2,1
2020-07-09,2497,2246,109,15.0,18.0,0.0,142,0.0060435132957292505,0.003890474087245097,1.3636363636363635,1
2020-07-10,2512,2260,109,15.0,14.0,0.0,143,0.006007208650380457,0.00443858792838693,1.0,1
2020-07-11,2519,2268,109,7.0,8.0,0.0,142,0.002786624203821656,0.004263312036550528,0.4666666666666667,1
2020-07-12,2525,2271,109,6.0,3.0,0.0,145,0.0023818975784041284,0.0043341765481762036,0.8571428571428571,1
2020-07-13,2537,2287,109,12.0,16.0,0.0,141,0.004752475247524752,0.004394343795172049,2.0,1
2020-07-14,2551,2296,109,14.0,9.0,0.0,146,0.005518328734726055,0.004289306882971409,1.1666666666666667,1
2020-07-15,2565,2303,109,14.0,7.0,0.0,153,0.005488043904351235,0.004185473933765565,1.0,1
2020-07-16,2585,2324,109,20.0,21.0,0.0,152,0.007797270955165692,0.005187603284034372,1.4285714285714286,1
2020-07-17,2596,2337,109,11.0,13.0,0.0,150,0.00425531914893617,0.005562287598140781,0.55,1
2020-07-18,2612,2341,109,16.0,4.0,0.0,162,0.0061633281972265025,0.00584445818808113,1.4545454545454546,1
2020-07-19,2638,2348,109,26.0,7.0,0.0,181,0.009954058192955589,0.006731604079727038,1.625,1
2020-07-20,2662,2352,109,24.0,4.0,0.0,201,0.009097801364670205,0.007453555571790832,0.9230769230769231,1
2020-07-21,2724,2367,109,62.0,15.0,0.0,248,0.02329075882794891,0.010552253146347475,2.5833333333333335,1
2020-07-22,2778,2378,109,54.0,11.0,0.0,291,0.019823788546255508,0.013665947025811346,0.8709677419354839,1
2020-07-23,2828,2389,109,50.0,11.0,0.0,330,0.017998560115190784,0.016032993409404197,0.9259259259259259,1
2020-07-24,2910,2401,109,82.0,12.0,0.0,400,0.028995756718528994,0.01984133311451888,1.64,1
2020-07-25,2949,2406,109,39.0,5.0,0.0,434,0.013402061855670102,0.02070218521271886,0.47560975609756095,1
2020-07-26,2983,2413,109,34.0,7.0,0.0,461,0.011529331976941335,0.018349899842517343,0.8717948717948718,1
2020-07-27,3028,2429,110,45.0,16.0,1.0,489,0.015085484411666107,0.017402239015599466,1.3235294117647058,1
2020-07-28,3090,2443,110,62.0,14.0,0.0,537,0.02047556142668428,0.017897639277898163,1.3777777777777778,1
2020-07-29,3157,2464,110,67.0,21.0,0.0,583,0.02168284789644013,0.01643505751348039,1.0806451612903225,1
2020-07-30,3203,2482,112,46.0,18.0,2.0,609,0.014570795058599937,0.01666880415406636,0.6865671641791045,1
2020-07-31,3255,2496,112,52.0,14.0,0.0,647,0.016234779893849517,0.017609893737447996,1.1304347826086956,1
2020-08-01,3286,2512,112,31.0,16.0,0.0,662,0.009523809523809525,0.016497558759876678,0.5961538461538461,1
2020-08-02,3312,2531,112,26.0,19.0,0.0,669,0.007912355447352405,0.013984917564010301,0.8387096774193549,1
2020-08-03,3354,2578,113,42.0,47.0,1.0,663,0.012681159420289856,0.012184579868780247,1.6153846153846154,1
2020-08-04,3432,2626,113,78.0,48.0,0.0,693,0.023255813953488372,0.013921583647757935,1.8571428571428572,1
2020-08-05,3469,2665,113,37.0,39.0,0.0,691,0.01078088578088578,0.012830804825165187,0.47435897435897434,1
2020-08-06,3520,2736,113,51.0,71.0,0.0,671,0.014701643124819834,0.013866371545367248,1.3783783783783783,1
2020-08-07,3592,2810,113,72.0,74.0,0.0,669,0.020454545454545454,0.01637480954680586,1.411764705882353,1
2020-08-08,3637,2856,113,45.0,46.0,0.0,668,0.01252783964365256,0.016344145591478402,0.625,1
2020-08-09,3669,2874,113,32.0,18.0,0.0,682,0.008798460269452846,0.013452674854671295,0.7111111111111111,1
2020-08-10,3719,2958,113,50.0,84.0,0.0,648,0.01362769146906514,0.014022035992307166,1.5625,1
2020-08-11,3802,3009,113,83.0,51.0,0.0,680,0.022317827372949718,0.015545272841933144,1.66,1
2020-08-12,3883,3046,113,81.0,37.0,0.0,724,0.021304576538663862,0.015715279058756824,0.9759036144578314,1
2020-08-13,3972,3085,113,89.0,39.0,0.0,774,0.022920422353850115,0.017793795600796337,1.0987654320987654,1
2020-08-14,4050,3139,113,78.0,54.0,0.0,798,0.019637462235649546,0.019961595994035675,0.8764044943820225,1
2020-08-15,4093,3164,113,43.0,25.0,0.0,816,0.010617283950617284,0.019359514490346102,0.5512820512820513,1
2020-08-16,4131,3196,114,38.0,32.0,1.0,821,0.009284143659907158,0.01675277774773759,0.8837209302325582,1
2020-08-17,4178,3250,114,47.0,54.0,0.0,814,0.011377390462357783,0.014767340532476378,1.236842105263158,1
2020-08-18,4244,3295,114,66.0,45.0,0.0,835,0.015797032072762087,0.01334266247625877,1.4042553191489362,1
2020-08-19,4324,3346,116,80.0,51.0,2.0,862,0.01885014137606032,0.013185198304340928,1.2121212121212122,1
2020-08-20,4369,3374,117,45.0,28.0,1.0,878,0.010407030527289547,0.01314314761967538,0.5625,1
2020-08-21,4497,3408,117,128.0,34.0,0.0,972,0.02929732204165713,0.017145783296025376,2.8444444444444446,1
2020-08-22,4580,3431,117,83.0,23.0,0.0,1032,0.018456748943740272,0.01856165499230187,0.6484375,1
2020-08-23,4612,3448,119,32.0,17.0,2.0,1045,0.0069868995633187774,0.01679962849041321,0.3855421686746988,1
2020-08-24,4667,3485,119,55.0,37.0,0.0,1063,0.011925411968777104,0.015414682608956568,1.71875,1
2020-08-25,4733,3516,119,66.0,31.0,0.0,1098,0.01414184701092779,0.016161645905684214,1.2,1
2020-08-26,4832,3548,120,99.0,32.0,1.0,1164,0.020916965983519966,0.014485574694056782,1.5,1
