date,positive_total,recovered_total,deceased_total,positive_daily,recovered_daily,deceased_daily,active,positive_increase,positive_increase_5d,growth_factor,ones
2020-03-01,1,0,0,,,,1,,,,1
2020-03-02,1,0,0,0.0,0.0,0.0,1,0.0,,,1
2020-03-03,3,0,0,2.0,0.0,0.0,3,2.0,,inf,1
2020-03-04,4,0,0,1.0,0.0,0.0,4,0.3333333333333333,,0.5,1
2020-03-05,6,0,0,2.0,0.0,0.0,6,0.5,,2.0,1
2020-03-06,8,0,0,2.0,0.0,0.0,8,0.3333333333333333,0.6333333333333333,1.0,1
2020-03-07,17,0,0,9.0,0.0,0.0,17,1.125,0.8583333333333332,4.5,1
2020-03-08,21,0,0,4.0,0.0,0.0,21,0.23529411764705882,0.5053921568627451,0.4444444444444444,1
2020-03-09,24,0,0,3.0,0.0,0.0,24,0.14285714285714285,0.467296918767507,0.75,1
2020-03-10,35,0,0,11.0,0.0,0.0,35,0.4583333333333333,0.45896358543417365,3.6666666666666665,1
2020-03-11,43,0,0,8.0,0.0,0.0,43,0.22857142857142856,0.43801120448179276,0.7272727272727273,1
2020-03-12,48,0,0,5.0,0.0,0.0,48,0.11627906976744186,0.23626701843528108,0.625,1
2020-03-13,62,0,0,14.0,0.0,0.0,62,0.2916666666666667,0.24754152823920267,2.8,1
2020-03-14,86,0,0,24.0,0.0,0.0,86,0.3870967741935484,0.29638945450648374,1.7142857142857142,1
2020-03-15,113,0,0,27.0,0.0,0.0,113,0.313953488372093,0.2675134855142357,1.125,1
2020-03-16,144,0,0,31.0,0.0,0.0,144,0.2743362831858407,0.2766664564371181,1.1481481481481481,1
2020-03-17,179,0,0,35.0,0.0,0.0,179,0.24305555555555555,0.30202175359474087,1.1290322580645162,1
2020-03-18,202,0,0,23.0,0.0,0.0,202,0.12849162011173185,0.2693867442837539,0.6571428571428571,1
2020-03-19,237,0,0,35.0,0.0,0.0,237,0.17326732673267325,0.2266208547915789,1.5217391304347827,1
2020-03-20,269,2,0,32.0,2.0,0.0,267,0.1350210970464135,0.19083437652644297,0.9142857142857143,1
2020-03-21,299,3,0,30.0,1.0,0.0,296,0.11152416356877323,0.15827195260302948,0.9375,1
2020-03-22,323,3,1,24.0,0.0,1.0,319,0.0802675585284281,0.125714353197604,0.8,1
2020-03-23,356,4,1,33.0,1.0,0.0,351,0.1021671826625387,0.12044946570776535,1.375,1
2020-03-24,441,5,2,85.0,1.0,1.0,434,0.23876404494382023,0.13354880934999475,2.5757575757575757,1
2020-03-25,520,7,6,79.0,2.0,4.0,507,0.17913832199546487,0.142372254339805,0.9294117647058824,1
2020-03-26,593,9,6,73.0,2.0,0.0,578,0.14038461538461539,0.14814434470297347,0.9240506329113924,1
2020-03-27,677,12,8,84.0,3.0,2.0,657,0.14165261382799327,0.16042135576288646,1.1506849315068493,1
2020-03-28,714,13,11,37.0,1.0,3.0,690,0.05465288035450517,0.1509184953012798,0.44047619047619047,1
2020-03-29,743,14,13,29.0,1.0,2.0,716,0.04061624649859944,0.11128893561223563,0.7837837837837838,1
2020-03-30,814,21,17,71.0,7.0,4.0,776,0.0955585464333782,0.0945729804998183,2.4482758620689653,1
2020-03-31,863,23,20,49.0,2.0,3.0,820,0.060196560196560195,0.07853536946220727,0.6901408450704225,1
2020-04-01,956,31,23,93.0,8.0,3.0,902,0.10776361529548088,0.07175756975570477,1.8979591836734695,1
2020-04-02,1044,40,25,88.0,9.0,2.0,979,0.09205020920502092,0.07923703552580794,0.946236559139785,1
2020-04-03,1133,56,29,89.0,16.0,4.0,1048,0.08524904214559387,0.08816359465520682,1.0113636363636365,1
2020-04-04,1160,74,34,27.0,18.0,5.0,1052,0.02383053839364519,0.07381799304726022,0.30337078651685395,1
2020-04-05,1180,82,37,20.0,8.0,3.0,1061,0.017241379310344827,0.06522695687001714,0.7407407407407407,1
2020-04-06,1234,115,40,54.0,33.0,3.0,1079,0.04576271186440678,0.05282677618380231,2.7,1
2020-04-07,1270,145,43,36.0,30.0,3.0,1082,0.029173419773095625,0.040251418297417255,0.6666666666666666,1
2020-04-08,1321,175,49,51.0,30.0,6.0,1097,0.04015748031496063,0.03123310593129061,1.4166666666666667,1
2020-04-09,1361,229,50,40.0,54.0,1.0,1082,0.03028009084027252,0.03252301642061607,0.7843137254901961,1
2020-04-10,1400,258,56,39.0,29.0,6.0,1086,0.028655400440852314,0.03480582064671757,0.975,1
2020-04-11,1427,294,61,27.0,36.0,5.0,1072,0.019285714285714285,0.029510421130979077,0.6923076923076923,1
2020-04-12,1442,321,64,15.0,27.0,3.0,1057,0.01051156271899089,0.025778049720158132,0.5555555555555556,1
2020-04-13,1451,346,68,9.0,25.0,4.0,1037,0.0062413314840499305,0.018994819953975988,0.6,1
2020-04-14,1461,408,70,10.0,62.0,2.0,983,0.006891798759476223,0.014317161537816727,1.1111111111111112,1
2020-04-15,1486,468,70,25.0,60.0,0.0,948,0.017111567419575632,0.012008394933561392,2.5,1
2020-04-16,1520,547,70,34.0,79.0,0.0,903,0.02288021534320323,0.012727295145059181,1.36,1
2020-04-17,1545,621,71,25.0,74.0,1.0,853,0.01644736842105263,0.01391445628547153,0.7352941176470589,1
2020-04-18,1589,645,73,44.0,24.0,2.0,871,0.0284789644012945,0.01836198286892044,1.76,1
2020-04-19,1596,679,74,7.0,34.0,1.0,843,0.004405286343612335,0.017864680385747664,0.1590909090909091,1
2020-04-20,1615,713,77,19.0,34.0,3.0,825,0.011904761904761904,0.016823319282784917,2.7142857142857144,1
2020-04-21,1632,768,77,17.0,55.0,0.0,787,0.010526315789473684,0.014352539372039012,0.8947368421052632,1
2020-04-22,1642,816,77,10.0,48.0,0.0,749,0.006127450980392157,0.012288555883906916,0.5882352941176471,1
2020-04-23,1662,844,79,20.0,28.0,2.0,739,0.012180267965895249,0.009028816596827065,2.0,1
2020-04-24,1670,879,82,8.0,35.0,3.0,709,0.0048134777376654635,0.009110454875637691,0.4,1
2020-04-25,1684,902,84,14.0,23.0,2.0,698,0.008383233532934131,0.008406149201272136,1.75,1
2020-04-26,1688,910,84,4.0,8.0,0.0,694,0.0023752969121140144,0.0067759454258002035,0.2857142857142857,1
2020-04-27,1691,937,84,3.0,27.0,0.0,670,0.0017772511848341231,0.005905905466688596,0.75,1
2020-04-28,1696,951,84,5.0,14.0,0.0,661,0.0029568302779420462,0.0040612179290979555,1.6666666666666667,1
2020-04-29,1704,971,85,8.0,20.0,1.0,648,0.0047169811320754715,0.004041918607979957,1.6,1
2020-04-30,1713,1004,86,9.0,33.0,1.0,623,0.00528169014084507,0.003421609929562145,1.125,1
2020-05-01,1722,1023,87,9.0,19.0,1.0,612,0.005253940455341506,0.0039973386382076434,1.0,1
2020-05-02,1733,1030,87,11.0,7.0,0.0,616,0.006387921022067364,0.004919472605654291,1.2222222222222223,1
2020-05-03,1736,1042,88,3.0,12.0,1.0,606,0.0017311021350259665,0.0046743269770710754,0.2727272727272727,1
2020-05-04,1743,1068,89,7.0,26.0,1.0,586,0.004032258064516129,0.0045373823635592074,2.3333333333333335,1
2020-05-05,1756,1092,89,13.0,24.0,0.0,575,0.007458405048766495,0.004972725345143493,1.8571428571428572,1
2020-05-06,1765,1116,89,9.0,24.0,0.0,560,0.005125284738041002,0.004946994201683391,0.6923076923076923,1
2020-05-07,1776,1133,89,11.0,17.0,0.0,554,0.006232294617563739,0.004915868920782667,1.2222222222222223,1
2020-05-08,1803,1142,89,27.0,9.0,0.0,572,0.015202702702702704,0.007610189034318013,2.4545454545454546,1
2020-05-09,1814,1154,90,11.0,12.0,1.0,570,0.006100942872989462,0.00802392599601268,0.4074074074074074,1
2020-05-10,1815,1163,91,1.0,9.0,1.0,561,0.0005512679162072767,0.006642498569500836,0.09090909090909091,1
2020-05-11,1829,1173,91,14.0,10.0,0.0,565,0.007713498622589532,0.007160141346410543,14.0,1
2020-05-12,1844,1187,91,15.0,14.0,0.0,566,0.008201202843083653,0.007553922991514525,1.0714285714285714,1
2020-05-13,1859,1203,91,15.0,16.0,0.0,565,0.008134490238611713,0.006140280498696327,1.0,1
2020-05-14,1874,1220,92,15.0,17.0,1.0,562,0.008068854222700376,0.00653386276863851,1.0,1
2020-05-15,1887,1231,92,13.0,11.0,0.0,564,0.006937033084311633,0.007811015802259383,0.8666666666666667,1
2020-05-16,1917,1237,93,30.0,6.0,1.0,587,0.01589825119236884,0.009447966316215242,2.3076923076923075,1
2020-05-17,1927,1239,93,10.0,2.0,0.0,595,0.005216484089723527,0.008851022565543218,0.3333333333333333,1
2020-05-18,1942,1252,93,15.0,13.0,0.0,597,0.007784120394395433,0.00878094859669996,1.5,1
2020-05-19,1954,1258,93,12.0,6.0,0.0,603,0.006179196704428424,0.008403017093045573,0.8,1
2020-05-20,1962,1273,93,8.0,15.0,0.0,596,0.0040941658137154556,0.007834443638926335,0.6666666666666666,1
2020-05-21,1974,1285,93,12.0,12.0,0.0,596,0.0061162079510703364,0.0058780349906666345,1.5,1
2020-05-22,1984,1291,93,10.0,6.0,0.0,600,0.005065856129685917,0.005847909398659114,0.8333333333333334,1
2020-05-23,1989,1300,93,5.0,9.0,0.0,596,0.0025201612903225806,0.004795117577844543,0.5,1
2020-05-24,1991,1302,93,2.0,2.0,0.0,596,0.001005530417295123,0.0037603843204178826,0.4,1
2020-05-25,1995,1313,93,4.0,11.0,0.0,589,0.0020090406830738324,0.0033433592942895577,2.0,1
2020-05-26,2001,1322,93,6.0,9.0,0.0,586,0.0030075187969924814,0.0027216214634739866,1.5,1
2020-05-27,2010,1333,93,9.0,11.0,0.0,584,0.004497751124437781,0.0026080004624243593,1.5,1
2020-05-28,2029,1338,94,19.0,5.0,1.0,597,0.00945273631840796,0.003994515468041436,2.111111111111111,1
2020-05-29,2033,1347,94,4.0,9.0,0.0,592,0.001971414489896501,0.004187692282561711,0.21052631578947367,1
2020-05-30,2047,1354,94,14.0,7.0,0.0,599,0.006886374815543532,0.005163159109055651,3.5,1
2020-05-31,2056,1357,94,9.0,3.0,0.0,605,0.004396678065461651,0.005440990962749486,0.6428571428571429,1
2020-06-01,2063,1374,95,7.0,17.0,1.0,594,0.003404669260700389,0.005222374590002006,0.7777777777777778,1
2020-06-02,2075,1387,95,12.0,13.0,0.0,593,0.0058167716917111,0.004495181664662634,1.7142857142857142,1
2020-06-03,2099,1399,95,24.0,12.0,0.0,605,0.011566265060240964,0.006414151778731526,2.0,1
2020-06-04,2109,1411,96,10.0,12.0,1.0,602,0.004764173415912339,0.005989711498805289,0.4166666666666667,1
2020-06-05,2112,1424,96,3.0,13.0,0.0,592,0.001422475106685633,0.005394870907050086,0.3,1
2020-06-06,2115,1427,96,3.0,3.0,0.0,592,0.0014204545454545455,0.004998027964000917,1.0,1
2020-06-07,2123,1433,96,8.0,6.0,0.0,594,0.0037825059101654845,0.004591174807691794,2.6666666666666665,1
2020-06-08,2129,1444,96,6.0,11.0,0.0,589,0.002826189354686764,0.0028431596665809537,0.75,1
2020-06-09,2140,1449,96,11.0,5.0,0.0,595,0.005166744950681071,0.0029236739735347,1.8333333333333333,1
2020-06-10,2150,1464,96,10.0,15.0,0.0,590,0.004672897196261682,0.003573758391449909,0.9090909090909091,1
2020-06-11,2164,1472,97,14.0,8.0,1.0,595,0.0065116279069767444,0.004591993063754349,1.4,1
2020-06-12,2182,1480,97,18.0,8.0,0.0,605,0.00831792975970425,0.005499077833662103,1.2857142857142858,1
2020-06-13,2200,1483,97,18.0,3.0,0.0,620,0.008249312557286892,0.006583702474182128,1.0,1
2020-06-14,2214,1485,97,14.0,2.0,0.0,632,0.006363636363636364,0.006823080756773186,0.7777777777777778,1
2020-06-15,2225,1492,97,11.0,7.0,0.0,636,0.004968383017163505,0.006882177920953551,0.7857142857142857,1
2020-06-16,2239,1499,97,14.0,7.0,0.0,643,0.006292134831460674,0.0068382793058503364,1.2727272727272727,1
2020-06-17,2256,1505,97,17.0,6.0,0.0,654,0.007592675301473872,0.006693228414204261,1.2142857142857142,1
2020-06-18,2268,1514,98,12.0,9.0,1.0,656,0.005319148936170213,0.006107195689980925,0.7058823529411765,1
2020-06-19,2284,1518,98,16.0,4.0,0.0,668,0.007054673721340388,0.006245403161521732,1.3333333333333333,1
2020-06-20,2299,1520,99,15.0,2.0,1.0,680,0.006567425569176883,0.006565211671924406,0.9375,1
2020-06-21,2305,1524,100,6.0,4.0,1.0,681,0.0026098303610265334,0.005828750777837578,0.4,1
2020-06-22,2312,1531,100,7.0,7.0,0.0,681,0.003036876355748373,0.004917590988692478,1.1666666666666667,1
2020-06-23,2329,1533,100,17.0,2.0,0.0,696,0.007352941176470588,0.0053243494367525524,2.4285714285714284,1
2020-06-24,2349,1541,103,20.0,8.0,3.0,705,0.008587376556462,0.005630890003776876,1.1764705882352942,1
2020-06-25,2367,1548,103,18.0,7.0,0.0,716,0.007662835249042145,0.005849971939749928,0.9,1
2020-06-26,2370,1562,103,3.0,14.0,0.0,705,0.0012674271229404308,0.005581491292132707,0.16666666666666666,1
2020-06-27,2383,1567,103,13.0,5.0,0.0,713,0.005485232067510549,0.006071162434485143,4.333333333333333,1
2020-06-28,2390,1570,103,7.0,3.0,0.0,717,0.0029374737725556023,0.005188068953702145,0.5384615384615384,1
2020-06-29,2396,1578,103,6.0,8.0,0.0,715,0.002510460251046025,0.00397268569261895,0.8571428571428571,1
2020-06-30,2404,1583,103,8.0,5.0,0.0,718,0.00333889816360601,0.0031078982755317233,1.3333333333333333,1
2020-07-01,2411,1591,103,7.0,8.0,0.0,717,0.0029118136439267887,0.003436775579728995,0.875,1
2020-07-02,2421,1602,104,10.0,11.0,1.0,715,0.00414765657403567,0.0031692604810340196,1.4285714285714286,1
2020-07-03,2433,1607,104,12.0,5.0,0.0,722,0.004956629491945477,0.003573091624911995,1.2,1
2020-07-04,2441,1610,105,8.0,3.0,1.0,726,0.0032881216605014385,0.0037286239068030774,0.6666666666666666,1
